-0.30,0.00,-0.10
-0.30,0.00,-0.10
-0.30,0.00,-0.10
-0.30,0.00,-0.10
-0.30,0.00,-0.10
-0.30,0.00,-0.10
-0.30,0.00,-0.10
-0.30,0.00,-0.10
-0.30,0.00,-0.10
-0.30,0.00,-0.10
-0.30,0.00,-0.10
-0.30,0.00,-0.10
-0.30,0.00,-0.10
-0.30,0.00,-0.10
-0.30,0.00,-0.10
-0.30,0.00,-0.10
-0.30,0.00,-0.10
-0.30,0.00,-0.10
-0.30,0.00,-0.10
-0.30,0.00,-0.10
-0.30,0.00,-0.10
-0.30,0.00,-0.10
-0.30,0.00,-0.10
-0.30,0.00,-0.10
-0.30,0.00,-0.10
-0.30,0.00,-0.10
-0.60,-14.99,-8.22
-0.60,0.00,-0.10
-0.60,0.00,-0.10
-0.60,0.00,-0.10
-0.60,0.00,-0.10
-0.60,0.00,-0.10
-0.90,-14.99,-8.22
-0.90,0.00,-0.10
-0.90,0.00,-0.10
-0.90,0.00,-0.10
-0.90,0.00,-0.10
-0.90,0.00,-0.10
-0.90,0.00,-0.10
-0.90,0.00,-0.10
-0.90,0.00,-0.10
-0.90,0.00,-0.10
-0.90,0.00,-0.10
-0.90,0.00,-0.10
-0.90,0.00,-0.10
-0.90,0.00,-0.10
-0.90,0.00,-0.10
-1.20,-14.99,-8.23
-1.20,0.00,-0.10
-1.20,0.00,-0.10
-1.20,0.00,-0.10
-1.20,0.00,-0.10
-1.20,0.00,-0.10
-1.20,0.00,-0.10
-1.50,-14.99,-8.23
-1.50,0.00,-0.11
-1.50,0.00,-0.11
-1.50,0.00,-0.11
-1.50,0.00,-0.11
-1.50,0.00,-0.11
-1.50,0.00,-0.11
-1.50,0.00,-0.11
-1.50,0.00,-0.11
-1.50,0.00,-0.11
-1.50,0.00,-0.11
-1.50,0.00,-0.11
-1.50,0.00,-0.11
-1.50,0.00,-0.11
-1.50,0.00,-0.11
-1.50,0.00,-0.11
-1.50,0.00,-0.11
-1.50,0.00,-0.11
-1.50,0.00,-0.11
-1.50,0.00,-0.11
-1.50,0.00,-0.11
-1.50,0.00,-0.11
-1.50,0.00,-0.11
-1.50,0.00,-0.11
-1.50,0.00,-0.11
-1.20,14.99,8.02
-1.20,0.00,-0.10
-1.20,0.00,-0.10
-1.20,0.00,-0.10
-0.90,14.99,8.02
-0.90,0.00,-0.10
-0.90,0.00,-0.10
-0.90,0.00,-0.10
-0.90,0.00,-0.10
-0.90,0.00,-0.10
-0.90,0.00,-0.10
-0.90,0.00,-0.10
-0.90,0.00,-0.10
-0.90,0.00,-0.10
-0.90,0.00,-0.10
-0.90,0.00,-0.10
-0.90,0.00,-0.10
-0.90,0.00,-0.10
-0.90,0.00,-0.10
-0.90,0.00,-0.10
-0.90,0.00,-0.10
-0.60,14.99,8.02
-0.60,0.00,-0.10
-0.60,0.00,-0.10
-0.60,0.00,-0.10
-0.60,0.00,-0.10
-0.60,0.00,-0.10
-0.60,0.00,-0.10
-0.60,0.00,-0.10
-0.60,0.00,-0.10
-0.60,0.00,-0.10
-0.60,0.00,-0.10
-0.60,0.00,-0.10
-0.60,0.00,-0.10
-0.60,0.00,-0.10
-0.90,-14.99,-8.22
-0.90,0.00,-0.10
-0.90,0.00,-0.10
-0.90,0.00,-0.10
-0.90,0.00,-0.10
-1.20,-14.99,-8.23
-1.20,0.00,-0.10
-1.20,0.00,-0.10
-1.20,0.00,-0.10
-1.20,0.00,-0.10
-1.20,0.00,-0.10
-1.20,0.00,-0.10
-1.20,0.00,-0.10
-1.20,0.00,-0.10
-1.20,0.00,-0.10
-1.20,0.00,-0.10
-1.20,0.00,-0.10
-1.20,0.00,-0.10
-1.20,0.00,-0.10
-1.20,0.00,-0.10
-1.50,-14.99,-8.23
-1.50,0.00,-0.11
-1.50,0.00,-0.11
-1.50,0.00,-0.11
-1.50,0.00,-0.11
-1.50,0.00,-0.11
-1.50,0.00,-0.11
-1.50,0.00,-0.11
-1.50,0.00,-0.11
-1.50,0.00,-0.11
-1.50,0.00,-0.11
-1.50,0.00,-0.11
-1.50,0.00,-0.11
-1.50,0.00,-0.11
-1.50,0.00,-0.11
-1.50,0.00,-0.11
-1.50,0.00,-0.11
-1.50,0.00,-0.11
-1.50,0.00,-0.11
-1.50,0.00,-0.11
-1.50,0.00,-0.11
-1.50,0.00,-0.11
-1.50,0.00,-0.11
-1.50,0.00,-0.11
-1.50,0.00,-0.11
-1.50,0.00,-0.11
-1.50,0.00,-0.11
-1.50,0.00,-0.11
-1.50,0.00,-0.11
-1.20,14.99,8.02
-1.20,0.00,-0.10
-1.20,0.00,-0.10
-1.20,0.00,-0.10
-1.20,0.00,-0.10
-0.90,14.99,8.02
-0.90,0.00,-0.10
-0.90,0.00,-0.10
-0.90,0.00,-0.10
-0.90,0.00,-0.10
-0.90,0.00,-0.10
-0.90,0.00,-0.10
-0.90,0.00,-0.10
-0.90,0.00,-0.10
-0.90,0.00,-0.10
-0.90,0.00,-0.10
-0.90,0.00,-0.10
-0.90,0.00,-0.10
-0.90,0.00,-0.10
-0.90,0.00,-0.10
-0.90,0.00,-0.10
-0.90,0.00,-0.10
-0.90,0.00,-0.10
-0.90,0.00,-0.10
-0.90,0.00,-0.10
-0.90,0.00,-0.10
-0.90,0.00,-0.10
-0.90,0.00,-0.10
-0.90,0.00,-0.10
-0.90,0.00,-0.10
-0.90,0.00,-0.10
-0.90,0.00,-0.10
-0.90,0.00,-0.10
-1.20,-14.99,-8.23
-1.20,0.00,-0.10
-1.20,0.00,-0.10
-1.20,0.00,-0.10
-1.20,0.00,-0.10
-1.20,0.00,-0.10
-1.20,0.00,-0.10
-1.50,-14.99,-8.23
-1.50,0.00,-0.11
-1.50,0.00,-0.11
-1.50,0.00,-0.11
-1.50,0.00,-0.11
-1.50,0.00,-0.11
-1.50,0.00,-0.11
-1.50,0.00,-0.11
-1.50,0.00,-0.11
-1.50,0.00,-0.11
-1.50,0.00,-0.11
-1.50,0.00,-0.11
-1.50,0.00,-0.11
-1.50,0.00,-0.11
-1.50,0.00,-0.11
-1.80,-14.99,-8.23
-1.80,0.00,-0.11
-1.80,0.00,-0.11
-1.80,0.00,-0.11
-1.80,0.00,-0.11
-1.80,0.00,-0.11
-1.80,0.00,-0.11
-1.80,0.00,-0.11
-1.80,0.00,-0.11
-1.80,0.00,-0.11
-1.80,0.00,-0.11
-1.80,0.00,-0.11
-1.80,0.00,-0.11
-1.80,0.00,-0.11
-1.80,0.00,-0.11
-1.80,0.00,-0.11
-1.80,0.00,-0.11
-1.80,0.00,-0.11
-1.80,0.00,-0.11
-1.80,0.00,-0.11
-1.80,0.00,-0.11
-1.80,0.00,-0.11
-1.80,0.00,-0.11
-1.80,0.00,-0.11
-1.80,0.00,-0.11
-1.80,0.00,-0.11
-1.80,0.00,-0.11
-1.80,0.00,-0.11
-1.80,0.00,-0.11
-1.50,14.99,8.02
-1.50,0.00,-0.11
-1.50,0.00,-0.11
-1.50,0.00,-0.11
-1.50,0.00,-0.11
-1.20,14.99,8.02
-1.20,0.00,-0.10
-1.20,0.00,-0.10
-1.20,0.00,-0.10
-1.20,0.00,-0.10
-1.20,0.00,-0.10
-1.20,0.00,-0.10
-1.20,0.00,-0.10
-1.20,0.00,-0.10
-1.20,0.00,-0.10
-1.20,0.00,-0.10
-1.20,0.00,-0.10
-1.20,0.00,-0.10
-1.20,0.00,-0.10
-1.20,0.00,-0.10
-1.20,0.00,-0.10
-1.20,0.00,-0.10
-1.20,0.00,-0.10
-1.20,0.00,-0.10
-1.20,0.00,-0.10
-1.20,0.00,-0.10
-1.20,0.00,-0.10
-1.20,0.00,-0.10
-1.20,0.00,-0.10
-1.20,0.00,-0.10
-1.20,0.00,-0.10
-1.50,-14.99,-8.23
-1.50,0.00,-0.11
-1.50,0.00,-0.11
-1.50,0.00,-0.11
-1.50,0.00,-0.11
-1.50,0.00,-0.11
-1.50,0.00,-0.11
-1.50,0.00,-0.11
-1.80,-14.99,-8.23
-1.80,0.00,-0.11
-1.80,0.00,-0.11
-1.80,0.00,-0.11
-1.80,0.00,-0.11
-1.80,0.00,-0.11
-1.80,0.00,-0.11
-1.80,0.00,-0.11
-1.80,0.00,-0.11
-1.80,0.00,-0.11
-1.80,0.00,-0.11
-1.80,0.00,-0.11
-1.80,0.00,-0.11
-1.80,0.00,-0.11
-1.80,0.00,-0.11
-1.80,0.00,-0.11
-1.80,0.00,-0.11
-2.10,-14.99,-8.23
-2.10,0.00,-0.11
-2.10,0.00,-0.11
-2.10,0.00,-0.11
-2.10,0.00,-0.11
-2.10,0.00,-0.11
-2.10,0.00,-0.11
-2.10,0.00,-0.11
-2.10,0.00,-0.11
-2.10,0.00,-0.11
-2.10,0.00,-0.11
-2.10,0.00,-0.11
-2.10,0.00,-0.11
-2.10,0.00,-0.11
-2.10,0.00,-0.11
-2.10,0.00,-0.11
-2.10,0.00,-0.11
-2.10,0.00,-0.11
-2.10,0.00,-0.11
-2.10,0.00,-0.11
-2.10,0.00,-0.11
-2.10,0.00,-0.11
-2.10,0.00,-0.11
-2.10,0.00,-0.11
-2.10,0.00,-0.11
-2.10,0.00,-0.11
-2.10,0.00,-0.11
-1.80,14.99,8.01
-1.80,0.00,-0.11
-1.80,0.00,-0.11
-1.80,0.00,-0.11
-1.80,0.00,-0.11
-1.80,0.00,-0.11
-1.50,14.99,8.02
-1.50,0.00,-0.11
-1.50,0.00,-0.11
-1.50,0.00,-0.11
-1.50,0.00,-0.11
-1.50,0.00,-0.11
-1.50,0.00,-0.11
-1.50,0.00,-0.11
-1.50,0.00,-0.11
-1.50,0.00,-0.11
-1.50,0.00,-0.11
-1.50,0.00,-0.11
-1.50,0.00,-0.11
-1.50,0.00,-0.11
-1.50,0.00,-0.11
-1.50,0.00,-0.11
-1.50,0.00,-0.11
-1.50,0.00,-0.11
-1.50,0.00,-0.11
-1.50,0.00,-0.11
-1.50,0.00,-0.11
-1.50,0.00,-0.11
-1.50,0.00,-0.11
-1.50,0.00,-0.11
-1.50,0.00,-0.11
-1.80,-14.99,-8.23
-1.80,0.00,-0.11
-1.80,0.00,-0.11
-1.80,0.00,-0.11
-1.80,0.00,-0.11
-1.80,0.00,-0.11
-1.80,0.00,-0.11
-1.80,0.00,-0.11
-2.10,-14.99,-8.23
-2.10,0.00,-0.11
-2.10,0.00,-0.11
-2.10,0.00,-0.11
-2.10,0.00,-0.11
-2.10,0.00,-0.11
-2.10,0.00,-0.11
-2.10,0.00,-0.11
-2.10,0.00,-0.11
-2.10,0.00,-0.11
-2.10,0.00,-0.11
-2.10,0.00,-0.11
-2.10,0.00,-0.11
-2.10,0.00,-0.11
-2.10,0.00,-0.11
-2.10,0.00,-0.11
-2.10,0.00,-0.11
-2.10,0.00,-0.11
-2.40,-14.99,-8.23
-2.40,0.00,-0.11
-2.40,0.00,-0.11
-2.40,0.00,-0.11
-2.40,0.00,-0.11
-2.40,0.00,-0.11
-2.40,0.00,-0.11
-2.40,0.00,-0.11
-2.40,0.00,-0.11
-2.40,0.00,-0.11
-2.40,0.00,-0.11
-2.40,0.00,-0.11
-2.40,0.00,-0.11
-2.40,0.00,-0.11
-2.40,0.00,-0.11
-2.40,0.00,-0.11
-2.40,0.00,-0.11
-2.40,0.00,-0.11
-2.40,0.00,-0.11
-2.40,0.00,-0.11
-2.40,0.00,-0.11
-2.40,0.00,-0.11
-2.40,0.00,-0.11
-2.40,0.00,-0.11
-2.40,0.00,-0.11
-2.40,0.00,-0.11
-2.10,14.99,8.01
-2.10,0.00,-0.11
-2.10,0.00,-0.11
-2.10,0.00,-0.11
-2.10,0.00,-0.11
-2.10,0.00,-0.11
-2.10,0.00,-0.11
-1.80,14.99,8.01
-1.80,0.00,-0.11
-1.80,0.00,-0.11
-1.80,0.00,-0.11
-1.80,0.00,-0.11
-1.80,0.00,-0.11
-1.80,0.00,-0.11
-1.80,0.00,-0.11
-1.80,0.00,-0.11
-1.80,0.00,-0.11
-1.80,0.00,-0.11
-1.80,0.00,-0.11
-1.80,0.00,-0.11
-1.80,0.00,-0.11
-1.80,0.00,-0.11
-1.80,0.00,-0.11
-1.80,0.00,-0.11
-1.80,0.00,-0.11
-1.80,0.00,-0.11
-1.80,0.00,-0.11
-1.80,0.00,-0.11
-1.80,0.00,-0.11
-1.80,0.00,-0.11
-1.80,0.00,-0.11
-1.80,0.00,-0.11
-1.80,0.00,-0.11
-1.80,0.00,-0.11
-1.80,0.00,-0.11
-1.80,0.00,-0.11
-1.80,0.00,-0.11
-1.80,0.00,-0.11
-1.80,0.00,-0.11
-1.80,0.00,-0.11
-2.10,-14.99,-8.23
-2.10,0.00,-0.11
-2.10,0.00,-0.11
-2.10,0.00,-0.11
-2.10,0.00,-0.11
-2.10,0.00,-0.11
-2.10,0.00,-0.11
-2.10,0.00,-0.11
-2.10,0.00,-0.11
-2.10,0.00,-0.11
-2.10,0.00,-0.11
-2.10,0.00,-0.11
-2.10,0.00,-0.11
-2.10,0.00,-0.11
-2.10,0.00,-0.11
-2.10,0.00,-0.11
-2.10,0.00,-0.11
-2.10,0.00,-0.11
-2.10,0.00,-0.11
-2.10,0.00,-0.11
-2.40,-14.99,-8.23
-2.40,0.00,-0.11
-2.40,0.00,-0.11
-2.40,0.00,-0.11
-2.40,0.00,-0.11
-2.40,0.00,-0.11
-2.40,0.00,-0.11
-2.40,0.00,-0.11
-2.40,0.00,-0.11
-2.40,0.00,-0.11
-2.40,0.00,-0.11
-2.40,0.00,-0.11
-2.40,0.00,-0.11
-2.40,0.00,-0.11
-2.40,0.00,-0.11
-2.40,0.00,-0.11
-2.40,0.00,-0.11
-2.40,0.00,-0.11
-2.40,0.00,-0.11
-2.40,0.00,-0.11
-2.40,0.00,-0.11
-2.40,0.00,-0.11
-2.40,0.00,-0.11
-2.40,0.00,-0.11
-2.10,14.99,8.01
-2.10,0.00,-0.11
-2.10,0.00,-0.11
-2.10,0.00,-0.11
-2.10,0.00,-0.11
-2.10,0.00,-0.11
-2.10,0.00,-0.11
-2.10,0.00,-0.11
-1.80,14.99,8.01
-1.80,0.00,-0.11
-1.80,0.00,-0.11
-1.80,0.00,-0.11
-1.80,0.00,-0.11
-1.80,0.00,-0.11
-1.80,0.00,-0.11
-1.80,0.00,-0.11
-1.80,0.00,-0.11
-1.80,0.00,-0.11
-1.80,0.00,-0.11
-1.80,0.00,-0.11
-1.80,0.00,-0.11
-1.80,0.00,-0.11
-1.80,0.00,-0.11
-1.80,0.00,-0.11
-1.80,0.00,-0.11
-1.80,0.00,-0.11
-1.80,0.00,-0.11
-1.80,0.00,-0.11
-1.80,0.00,-0.11
-1.80,0.00,-0.11
-1.80,0.00,-0.11
-1.80,0.00,-0.11
-1.80,0.00,-0.11
-1.80,0.00,-0.11
-1.80,0.00,-0.11
-1.80,0.00,-0.11
-1.80,0.00,-0.11
-1.80,0.00,-0.11
-1.80,0.00,-0.11
-2.10,-14.99,-8.23
-2.10,0.00,-0.11
-2.10,0.00,-0.11
-2.10,0.00,-0.11
-2.10,0.00,-0.11
-2.10,0.00,-0.11
-2.10,0.00,-0.11
-2.10,0.00,-0.11
-2.10,0.00,-0.11
-2.10,0.00,-0.11
-2.10,0.00,-0.11
-2.10,0.00,-0.11
-2.10,0.00,-0.11
-2.10,0.00,-0.11
-2.10,0.00,-0.11
-2.10,0.00,-0.11
-2.10,0.00,-0.11
-2.10,0.00,-0.11
-2.10,0.00,-0.11
-2.10,0.00,-0.11
-2.10,0.00,-0.11
-2.10,0.00,-0.11
-2.10,0.00,-0.11
-2.40,-14.99,-8.23
-2.40,0.00,-0.11
-2.40,0.00,-0.11
-2.40,0.00,-0.11
-2.40,0.00,-0.11
-2.40,0.00,-0.11
-2.40,0.00,-0.11
-2.40,0.00,-0.11
-2.40,0.00,-0.11
-2.40,0.00,-0.11
-2.40,0.00,-0.11
-2.40,0.00,-0.11
-2.40,0.00,-0.11
-2.40,0.00,-0.11
-2.40,0.00,-0.11
-2.40,0.00,-0.11
-2.40,0.00,-0.11
-2.40,0.00,-0.11
-2.40,0.00,-0.11
-2.40,0.00,-0.11
-2.40,0.00,-0.11
-2.40,0.00,-0.11
-2.40,0.00,-0.11
-2.40,0.00,-0.11
-2.40,0.00,-0.11
-2.40,0.00,-0.11
-2.40,0.00,-0.11
-2.40,0.00,-0.11
-2.40,0.00,-0.11
-2.40,0.00,-0.11
-2.40,0.00,-0.11
-2.40,0.00,-0.11
-2.40,0.00,-0.11
-2.40,0.00,-0.11
-2.40,0.00,-0.11
-2.40,0.00,-0.11
-2.40,0.00,-0.11
-2.40,0.00,-0.11
-2.40,0.00,-0.11
-2.40,0.00,-0.11
-2.40,0.00,-0.11
-2.40,0.00,-0.11
-2.40,0.00,-0.11
-2.40,0.00,-0.11
-2.40,0.00,-0.11
-2.40,0.00,-0.11
-2.40,0.00,-0.11
-2.40,0.00,-0.11
-2.40,0.00,-0.11
-2.40,0.00,-0.11
-2.40,0.00,-0.11
-2.40,0.00,-0.11
-2.40,0.00,-0.11
-2.40,0.00,-0.11
-2.40,0.00,-0.11
-2.40,0.00,-0.11
-2.40,0.00,-0.11
-2.40,0.00,-0.11
-2.40,0.00,-0.11
-2.40,0.00,-0.11
-2.40,0.00,-0.11
-2.40,0.00,-0.11
-2.40,0.00,-0.11
-2.40,0.00,-0.11
-2.40,0.00,-0.11
-2.40,0.00,-0.11
-2.40,0.00,-0.11
-2.40,0.00,-0.11
-2.40,0.00,-0.11
-2.40,0.00,-0.11
-2.40,0.00,-0.11
-2.40,0.00,-0.11
-2.40,0.00,-0.11
-2.40,0.00,-0.11
-2.40,0.00,-0.11
-2.40,0.00,-0.11
-2.40,0.00,-0.11
-2.40,0.00,-0.11
-2.40,0.00,-0.11
-2.40,0.00,-0.11
-2.40,0.00,-0.11
-2.40,0.00,-0.11
-2.40,0.00,-0.11
-2.40,0.00,-0.11
-2.40,0.00,-0.11
-2.40,0.00,-0.11
-2.40,0.00,-0.11
-2.40,0.00,-0.11
-2.40,0.00,-0.11
-2.40,0.00,-0.11
-2.40,0.00,-0.11
-2.40,0.00,-0.11
-2.40,0.00,-0.11
-2.40,0.00,-0.11
-2.40,0.00,-0.11
-2.40,0.00,-0.11
-2.40,0.00,-0.11
-2.40,0.00,-0.11
-2.40,0.00,-0.11
-2.40,0.00,-0.11
-2.40,0.00,-0.11
-2.40,0.00,-0.11
-2.40,0.00,-0.11
-2.40,0.00,-0.11
-2.40,0.00,-0.11
-2.40,0.00,-0.11
-2.40,0.00,-0.11
-2.40,0.00,-0.11
-2.40,0.00,-0.11
-2.40,0.00,-0.11
-2.40,0.00,-0.11
-2.40,0.00,-0.11
-2.40,0.00,-0.11
-2.40,0.00,-0.11
-2.40,0.00,-0.11
-2.40,0.00,-0.11
-2.40,0.00,-0.11
-2.40,0.00,-0.11
-2.40,0.00,-0.11
-2.40,0.00,-0.11
-2.40,0.00,-0.11
-2.40,0.00,-0.11
-2.40,0.00,-0.11
-2.40,0.00,-0.11
-2.40,0.00,-0.11
-2.40,0.00,-0.11
-2.40,0.00,-0.11
-2.40,0.00,-0.11
-2.40,0.00,-0.11
-2.40,0.00,-0.11
-2.40,0.00,-0.11
-2.40,0.00,-0.11
-2.40,0.00,-0.11
0.00,0.00,-0.10
0.00,0.00,-0.10
0.00,0.00,-0.10
0.00,0.00,-0.10
0.00,0.00,-0.10
0.00,0.00,-0.10
0.00,0.00,-0.10
0.00,0.00,-0.10
0.00,0.00,-0.10
-0.30,-14.99,-8.22
-0.30,0.00,-0.10
-0.30,0.00,-0.10
-0.30,0.00,-0.10
-0.30,0.00,-0.10
-0.30,0.00,-0.10
-0.30,0.00,-0.10
-0.30,0.00,-0.10
-0.30,0.00,-0.10
-0.30,0.00,-0.10
-0.30,0.00,-0.10
-0.30,0.00,-0.10
-0.30,0.00,-0.10
-0.30,0.00,-0.10
-0.30,0.00,-0.10
-0.30,0.00,-0.10
-0.30,0.00,-0.10
-0.30,0.00,-0.10
-0.30,0.00,-0.10
-0.30,0.00,-0.10
-0.30,0.00,-0.10
-0.30,0.00,-0.10
-0.30,0.00,-0.10
-0.30,0.00,-0.10
-0.30,0.00,-0.10
-0.30,0.00,-0.10
-0.30,0.00,-0.10
-0.30,0.00,-0.10
-0.30,0.00,-0.10
-0.30,0.00,-0.10
-0.30,0.00,-0.10
-0.30,0.00,-0.10
-0.30,0.00,-0.10
-0.30,0.00,-0.10
-0.30,0.00,-0.10
-0.30,0.00,-0.10
-0.30,0.00,-0.10
-0.30,0.00,-0.10
-0.30,0.00,-0.10
-0.30,0.00,-0.10
-0.30,0.00,-0.10
-0.30,0.00,-0.10
-0.30,0.00,-0.10
-0.30,0.00,-0.10
-0.30,0.00,-0.10
-0.30,0.00,-0.10
0.00,14.99,8.02
0.00,0.00,-0.10
0.00,0.00,-0.10
0.00,0.00,-0.10
0.00,0.00,-0.10
0.00,0.00,-0.10
0.00,0.00,-0.10
0.00,0.00,-0.10
0.00,0.00,-0.10
0.00,0.00,-0.10
0.30,14.99,8.02
0.30,14.99,8.02
0.30,0.00,-0.10
0.30,0.00,-0.10
0.30,0.00,-0.10
0.30,0.00,-0.10
0.30,0.00,-0.10
0.30,0.00,-0.10
0.30,0.00,-0.10
0.30,0.00,-0.10
0.30,0.00,-0.10
0.30,0.00,-0.10
0.30,0.00,-0.10
0.30,0.00,-0.10
0.30,0.00,-0.10
0.30,0.00,-0.10
0.30,0.00,-0.10
0.30,0.00,-0.10
0.30,0.00,-0.10
0.30,0.00,-0.10
0.30,0.00,-0.10
0.30,0.00,-0.10
0.30,0.00,-0.10
0.30,0.00,-0.10
0.30,0.00,-0.10
0.30,0.00,-0.10
0.30,0.00,-0.10
0.00,-14.99,-8.22
0.00,0.00,-0.10
0.00,0.00,-0.10
0.00,0.00,-0.10
0.00,0.00,-0.10
0.00,0.00,-0.10
0.00,0.00,-0.10
0.00,0.00,-0.10
0.00,0.00,-0.10
0.00,0.00,-0.10
0.00,0.00,-0.10
0.00,0.00,-0.10
0.00,0.00,-0.10
0.00,0.00,-0.10
0.00,0.00,-0.10
0.00,0.00,-0.10
0.00,0.00,-0.10
0.00,0.00,-0.10
0.00,0.00,-0.10
0.00,0.00,-0.10
0.00,0.00,-0.10
0.00,0.00,-0.10
0.00,0.00,-0.10
0.00,0.00,-0.10
0.00,0.00,-0.10
0.00,0.00,-0.10
0.00,0.00,-0.10
0.00,0.00,-0.10
0.00,0.00,-0.10
0.00,0.00,-0.10
0.00,0.00,-0.10
0.00,0.00,-0.10
0.00,0.00,-0.10
0.00,0.00,-0.10
0.00,0.00,-0.10
0.00,0.00,-0.10
0.00,0.00,-0.10
0.00,0.00,-0.10
0.00,0.00,-0.10
0.00,0.00,-0.10
0.00,0.00,-0.10
0.00,0.00,-0.10
0.00,0.00,-0.10
0.00,0.00,-0.10
0.00,0.00,-0.10
0.00,0.00,-0.10
0.00,0.00,-0.10
0.00,0.00,-0.10
0.00,0.00,-0.10
0.00,0.00,-0.10
0.00,0.00,-0.10
0.30,14.99,8.02
0.30,0.00,-0.10
0.30,0.00,-0.10
0.30,0.00,-0.10
0.30,0.00,-0.10
0.30,0.00,-0.10
0.30,0.00,-0.10
0.30,0.00,-0.10
0.30,0.00,-0.10
0.30,0.00,-0.10
0.30,0.00,-0.10
0.60,14.99,8.03
0.60,14.99,8.03
0.60,0.00,-0.10
0.60,0.00,-0.10
0.60,0.00,-0.10
0.60,0.00,-0.10
0.60,0.00,-0.10
0.60,0.00,-0.10
0.60,0.00,-0.10
0.60,0.00,-0.10
0.60,0.00,-0.10
0.60,0.00,-0.10
0.60,0.00,-0.10
0.60,0.00,-0.10
0.60,0.00,-0.10
0.60,0.00,-0.10
0.60,0.00,-0.10
0.60,0.00,-0.10
0.60,0.00,-0.10
0.60,0.00,-0.10
0.60,0.00,-0.10
0.60,0.00,-0.10
0.60,0.00,-0.10
0.60,0.00,-0.10
0.60,0.00,-0.10
0.60,0.00,-0.10
0.30,-14.99,-8.22
0.30,0.00,-0.10
0.30,0.00,-0.10
0.30,0.00,-0.10
0.30,0.00,-0.10
0.30,0.00,-0.10
0.30,0.00,-0.10
0.30,0.00,-0.10
0.30,0.00,-0.10
0.30,0.00,-0.10
0.30,0.00,-0.10
0.30,0.00,-0.10
0.30,0.00,-0.10
0.30,0.00,-0.10
0.30,0.00,-0.10
0.30,0.00,-0.10
0.30,0.00,-0.10
0.30,0.00,-0.10
0.30,0.00,-0.10
0.30,0.00,-0.10
0.30,0.00,-0.10
0.30,0.00,-0.10
0.30,0.00,-0.10
0.30,0.00,-0.10
0.30,0.00,-0.10
0.60,14.99,8.03
1.20,29.98,15.74
1.20,0.00,-0.09
1.80,29.98,15.75
1.80,29.98,15.75
2.40,29.98,15.75
3.00,29.98,15.75
3.00,0.00,-0.08
2.10,-44.97,-22.90
0.90,-59.96,-28.94
0.00,-44.97,-22.91
-1.20,-59.96,-28.94
-1.80,-29.98,-15.94
-1.80,0.00,-0.11
-0.30,74.95,33.78
1.50,89.95,37.83
3.30,89.95,37.83
4.80,74.95,33.79
5.70,44.97,22.74
5.10,-29.98,-15.91
3.60,-74.95,-33.95
2.40,-59.96,-28.93
0.60,-89.95,-38.01
0.30,-14.99,-8.22
1.50,59.96,28.76
3.30,89.95,37.83
5.10,89.95,37.84
6.90,89.95,37.84
7.50,29.98,15.77
6.60,-44.97,-22.88
5.10,-74.95,-33.95
3.30,-89.95,-38.00
1.80,-74.95,-33.96
1.50,-14.99,-8.21
3.00,74.95,33.78
5.10,104.94,41.02
6.90,89.95,37.84
8.10,59.96,28.78
7.50,-29.98,-15.90
6.30,-59.96,-28.92
4.50,-89.95,-38.00
2.10,-119.93,-43.63
1.50,-29.98,-15.93
2.70,59.96,28.76
4.80,104.94,41.02
6.60,89.95,37.84
8.10,74.95,33.80
8.40,14.99,8.06
7.20,-59.96,-28.92
5.40,-89.95,-38.00
3.60,-89.95,-38.00
1.80,-89.95,-38.00
1.50,-14.99,-8.21
3.00,74.95,33.78
4.80,89.95,37.84
6.30,74.95,33.79
7.50,59.96,28.78
6.90,-29.98,-15.90
5.70,-59.96,-28.92
4.20,-74.95,-33.95
2.10,-104.94,-41.18
1.20,-44.97,-22.90
1.50,14.99,8.03
2.70,59.96,28.76
4.20,74.95,33.79
5.40,59.96,28.77
5.40,0.00,-0.07
4.50,-44.97,-22.89
3.00,-74.95,-33.95
1.50,-74.95,-33.96
-0.30,-89.95,-38.01
-1.20,-44.97,-22.91
-0.30,44.97,22.71
1.50,89.95,37.83
3.30,89.95,37.83
4.80,74.95,33.79
5.40,29.98,15.76
4.80,-29.98,-15.91
3.00,-89.95,-38.00
1.80,-59.96,-28.93
0.00,-89.95,-38.01
-0.30,-14.99,-8.22
0.90,59.96,28.75
2.40,74.95,33.78
3.90,74.95,33.79
5.10,59.96,28.77
5.70,29.98,15.76
4.80,-44.97,-22.89
3.30,-74.95,-33.95
1.80,-74.95,-33.96
0.30,-74.95,-33.96
-0.30,-29.98,-15.93
0.90,59.96,28.75
2.70,89.95,37.83
4.50,89.95,37.84
5.70,59.96,28.77
6.60,44.97,22.74
6.00,-29.98,-15.91
4.80,-59.96,-28.92
3.60,-59.96,-28.93
1.80,-89.95,-38.00
1.20,-29.98,-15.93
2.10,44.97,22.72
3.60,74.95,33.79
5.10,74.95,33.79
6.30,59.96,28.77
7.20,44.97,22.74
7.20,44.97,22.74
6.60,-29.98,-15.90
4.80,-89.95,-38.00
3.30,-74.95,-33.95
0.00,-74.95,-33.96
-0.60,-29.98,-15.94
0.00,29.98,15.74
1.50,74.95,33.78
3.00,74.95,33.78
3.00,74.95,33.78
4.20,59.96,28.77
5.10,44.97,22.73
5.40,14.99,8.05
3.90,-74.95,-33.95
2.40,-74.95,-33.95
0.90,-74.95,-33.96
-0.60,-74.95,-33.96
-1.20,-29.98,-15.94
-0.60,29.98,15.74
1.80,59.96,28.76
1.80,59.96,28.76
3.00,59.96,28.76
4.20,59.96,28.77
5.10,44.97,22.73
5.10,0.00,-0.07
3.90,-59.96,-28.93
2.70,-59.96,-28.93
1.50,-59.96,-28.94
0.30,-59.96,-28.94
-0.30,-29.98,-15.93
0.00,14.99,8.02
1.20,59.96,28.76
2.40,59.96,28.76
3.00,29.98,15.75
4.20,59.96,28.77
4.20,0.00,-0.08
3.00,-59.96,-28.93
1.50,-74.95,-33.96
0.00,-74.95,-33.96
-1.50,-74.95,-33.97
-1.80,-14.99,-8.23
-0.60,59.96,28.75
1.20,89.95,37.83
2.70,74.95,33.78
4.20,74.95,33.79
4.80,29.98,15.76
4.50,-14.99,-8.20
2.70,-89.95,-38.00
1.50,-59.96,-28.94
-0.30,-89.95,-38.01
-0.90,-29.98,-15.94
-0.30,29.98,15.74
1.20,74.95,33.78
2.40,59.96,28.76
3.60,59.96,28.76
4.20,29.98,15.76
3.90,-14.99,-8.20
2.40,-74.95,-33.95
0.60,-89.95,-38.01
-0.60,-59.96,-28.94
-1.80,-59.96,-28.95
-1.50,14.99,8.02
0.00,74.95,33.78
1.50,74.95,33.78
3.30,89.95,37.83
3.90,29.98,15.75
3.30,-29.98,-15.92
2.10,-59.96,-28.93
0.60,-74.95,-33.96
-0.90,-74.95,-33.96
-1.50,-29.98,-15.94
-0.90,29.98,15.73
0.30,59.96,28.75
2.10,89.95,37.83
3.30,59.96,28.76
4.50,59.96,28.77
3.90,-29.98,-15.92
2.70,-59.96,-28.93
0.90,-89.95,-38.01
-0.60,-74.95,-33.96
-1.50,-44.97,-22.91
-1.20,14.99,8.02
0.60,89.95,37.83
2.40,89.95,37.83
3.90,74.95,33.79
4.80,44.97,22.73
4.50,-14.99,-8.20
2.70,-89.95,-38.00
1.50,-59.96,-28.94
0.30,-59.96,-28.94
-0.60,-44.97,-22.91
0.00,29.98,15.74
1.50,74.95,33.78
3.00,74.95,33.78
4.80,89.95,37.84
5.70,44.97,22.74
5.70,0.00,-0.07
4.20,-74.95,-33.95
2.70,-74.95,-33.95
1.20,-74.95,-33.96
0.00,-59.96,-28.94
0.00,0.00,-0.10
1.20,59.96,28.76
2.70,74.95,33.78
4.20,74.95,33.79
4.20,74.95,33.79
5.40,59.96,28.77
5.10,-14.99,-8.20
4.50,-29.98,-15.91
2.70,-89.95,-38.00
1.50,-59.96,-28.94
0.30,-59.96,-28.94
0.90,59.96,28.75
0.90,59.96,28.75
2.10,59.96,28.76
3.30,59.96,28.76
4.50,59.96,28.77
3.90,-29.98,-15.92
2.40,-74.95,-33.95
0.60,-89.95,-38.01
-1.20,-89.95,-38.01
-2.40,-59.96,-28.95
-0.30,89.95,37.83
0.90,59.96,28.75
0.90,59.96,28.75
2.70,89.95,37.83
3.00,14.99,8.04
1.80,-59.96,-28.93
0.30,-74.95,-33.96
-1.20,-74.95,-33.96
-3.00,-89.95,-38.01
-3.60,0.00,-0.12
-3.60,0.00,-0.12
-3.30,14.99,8.01
-3.60,-14.99,-8.24
-3.90,-14.99,-8.24
-4.50,-29.98,-15.95
-6.30,-44.97,-22.93
-6.90,-29.98,-15.96
-8.10,-59.96,-28.97
-9.30,-59.96,-28.97
-9.90,-29.98,-15.98
-11.10,-59.96,-28.98
-11.70,-29.98,-15.98
-12.90,-59.96,-28.98
-13.80,-44.97,-22.96
-15.90,-59.96,-28.99
-17.70,-89.95,-38.04
-18.90,-59.96,-29.00
-20.10,-59.96,-29.00
-21.60,-74.95,-34.02
-23.10,-74.95,-34.02
-24.30,-59.96,-29.02
-26.40,-44.97,-23.01
-27.30,-44.97,-23.01
-28.50,-59.96,-29.03
-29.70,-59.96,-29.03
-31.20,-74.95,-34.04
-32.40,-59.96,-29.04
-33.30,-44.97,-23.03
-34.80,-29.98,-16.08
-35.10,-14.99,-8.38
-35.10,0.00,-0.27
-34.50,29.98,15.59
-34.50,0.00,-0.26
-33.90,29.98,15.59
-33.60,14.99,7.87
-33.30,14.99,7.87
-33.30,0.00,-0.26
-33.60,-14.99,-8.38
-33.60,0.00,-0.26
-32.40,59.96,28.65
-31.20,59.96,28.65
-29.70,74.95,33.70
-28.20,74.95,33.70
-26.40,89.95,37.77
-24.60,89.95,37.78
-22.50,104.94,40.97
-20.40,104.94,40.97
-18.00,119.93,43.43
-14.40,89.95,37.80
-12.60,89.95,37.80
-11.10,74.95,33.75
-9.00,104.94,40.99
-6.30,134.92,45.30
-3.00,164.90,47.72
0.30,164.90,47.72
3.00,134.92,45.31
6.30,164.90,47.73
9.60,164.90,47.73
12.00,119.93,43.47
13.80,89.95,37.86
15.30,74.95,33.82
16.80,74.95,33.82
18.30,74.95,33.82
20.10,89.95,37.87
22.20,104.94,41.04
24.30,104.94,41.05
26.40,104.94,41.05
28.50,104.94,41.05
30.60,104.94,41.06
32.10,74.95,33.86
32.40,14.99,8.17
31.80,-29.98,-15.80
30.90,-44.97,-22.79
29.70,-59.96,-28.85
28.80,-44.97,-22.80
28.50,-14.99,-8.09
29.10,29.98,15.86
30.00,44.97,22.83
30.90,44.97,22.83
32.10,59.96,28.85
32.70,29.98,15.88
32.10,-29.98,-15.80
29.10,-149.91,-46.85
25.80,-164.90,-47.88
19.50,-149.91,-46.85
17.70,-89.95,-37.97
17.10,-29.98,-15.86
17.10,0.00,-0.02
17.10,0.00,-0.02
15.90,-59.96,-28.89
13.80,-104.94,-41.16
10.80,-149.91,-46.86
7.50,-164.90,-47.89
4.20,-164.90,-47.89
1.80,-119.93,-43.63
0.60,-59.96,-28.94
-0.30,-44.97,-22.91
-3.00,-74.95,-33.97
-4.80,-89.95,-38.02
-7.50,-134.92,-45.49
-10.80,-164.90,-47.90
-14.10,-164.90,-47.90
-17.70,-179.89,-48.66
-21.30,-59.96,-29.01
-21.30,0.00,-0.20
-21.30,0.00,-0.20
-21.30,0.00,-0.20
-21.90,-29.98,-16.03
-23.70,-89.95,-38.06
-25.80,-104.94,-41.23
-27.90,-104.94,-41.23
-30.30,-119.93,-43.67
-31.80,0.00,-0.25
-30.60,59.96,28.65
-28.80,89.95,37.77
-27.00,89.95,37.77
-25.20,89.95,37.77
-24.60,29.98,15.63
-24.90,-14.99,-8.34
-26.10,-59.96,-29.02
-26.70,-29.98,-16.05
-27.30,-29.98,-16.05
-26.70,29.98,15.62
-24.30,119.93,43.42
-20.70,179.89,48.47
-17.40,164.90,47.71
-11.10,149.91,46.69
-9.90,59.96,28.72
-9.00,44.97,22.68
-8.70,14.99,7.98
-7.80,44.97,22.69
-6.60,59.96,28.73
-4.50,104.94,41.00
-1.50,149.91,46.69
1.50,149.91,46.70
4.50,149.91,46.70
6.60,104.94,41.02
7.50,44.97,22.74
8.10,29.98,15.77
9.30,59.96,28.78
9.30,59.96,28.78
11.10,89.95,37.85
12.90,89.95,37.85
15.30,119.93,43.47
18.30,149.91,46.71
21.90,179.89,48.49
28.80,164.90,47.74
31.80,149.91,46.72
33.30,74.95,33.86
33.90,29.98,15.88
33.90,0.00,0.06
33.90,0.00,0.06
33.90,0.00,0.06
33.60,-14.99,-8.07
33.60,0.00,0.06
34.50,44.97,22.85
35.70,59.96,28.87
36.60,44.97,22.85
37.80,59.96,28.87
38.70,44.97,22.86
38.70,0.00,0.08
37.50,-59.96,-28.82
35.10,-119.93,-43.59
32.70,-119.93,-43.59
29.70,-149.91,-46.85
26.10,-59.96,-28.86
26.10,0.00,0.02
26.10,0.00,0.02
26.10,0.00,0.02
26.40,14.99,8.14
25.20,-59.96,-28.86
22.80,-119.93,-43.60
19.20,-179.89,-48.64
11.40,-209.87,-49.61
8.40,-149.91,-46.86
6.30,-104.94,-41.18
5.40,-44.97,-22.89
4.20,-59.96,-28.93
3.00,-59.96,-28.93
0.90,-104.94,-41.18
-1.80,-134.92,-45.48
-4.50,-134.92,-45.49
-7.80,-164.90,-47.90
-13.50,-134.92,-45.49
-15.00,-74.95,-34.00
-15.60,-29.98,-16.00
-16.50,-44.97,-22.97
-17.40,-44.97,-22.97
-18.60,-59.96,-29.00
-24.00,-149.91,-46.88
-27.60,-179.89,-48.66
-30.60,-149.91,-46.89
-33.30,-134.92,-45.51
-34.80,-74.95,-34.05
-34.50,14.99,7.86
-33.00,74.95,33.69
-30.00,89.95,37.76
-29.10,44.97,22.61
-28.80,14.99,7.89
-29.40,-29.98,-16.06
-30.00,-29.98,-16.06
-30.60,-29.98,-16.06
-30.60,0.00,-0.24
-30.00,29.98,15.61
-28.80,59.96,28.66
-27.30,74.95,33.71
-25.80,74.95,33.71
-24.00,89.95,37.78
-22.50,74.95,33.72
-21.60,44.97,22.63
-21.00,29.98,15.65
-20.10,44.97,22.64
-18.90,59.96,28.69
-17.10,89.95,37.79
-15.00,104.94,40.98
-9.00,149.91,46.69
-5.40,179.89,48.48
-1.20,209.87,49.44
2.40,179.89,48.48
4.80,119.93,43.46
6.00,59.96,28.77
7.80,89.95,37.84
9.60,89.95,37.85
9.60,89.95,37.85
12.00,119.93,43.47
14.40,119.93,43.47
17.40,149.91,46.71
24.60,179.89,48.49
28.50,194.88,49.04
31.20,134.92,45.34
32.40,59.96,28.86
32.10,-14.99,-8.07
31.80,-14.99,-8.07
31.50,-14.99,-8.08
31.50,0.00,0.05
33.00,74.95,33.86
35.40,119.93,43.50
37.80,119.93,43.50
39.90,104.94,41.07
42.00,104.94,41.07
42.00,0.00,0.10
39.90,-104.94,-41.12
37.20,-134.92,-45.45
34.20,-149.91,-46.84
31.80,-119.93,-43.59
30.60,-59.96,-28.84
30.60,0.00,0.05
31.20,29.98,15.87
32.10,44.97,22.84
31.80,-14.99,-8.07
30.30,-74.95,-33.88
27.30,-149.91,-46.85
20.70,-164.90,-47.88
17.10,-179.89,-48.64
14.70,-119.93,-43.61
13.50,-59.96,-28.90
12.30,-59.96,-28.90
11.10,-59.96,-28.90
9.30,-89.95,-37.99
6.90,-119.93,-43.62
4.50,-119.93,-43.62
1.50,-149.91,-46.87
-4.50,-134.92,-45.49
-6.90,-119.93,-43.64
-8.70,-89.95,-38.03
-10.20,-74.95,-33.99
-12.30,-104.94,-41.21
-14.40,-104.94,-41.21
-20.40,-164.90,-47.90
-23.70,-164.90,-47.91
-27.00,-164.90,-47.91
-30.00,-149.91,-46.89
-32.10,-104.94,-41.24
-33.60,-74.95,-34.05
-34.50,-29.98,-16.08
-34.50,0.00,-0.26
-34.20,14.99,7.87
-34.20,0.00,-0.26
-34.20,0.00,-0.26
-34.80,-29.98,-16.08
-35.70,-44.97,-23.04
-36.60,-44.97,-23.05
-37.50,-44.97,-23.05
-38.10,-29.98,-16.10
-38.40,-14.99,-8.40
-34.80,119.93,43.41
-31.20,179.89,48.47
-28.20,149.91,46.68
-24.60,179.89,48.47
-21.90,134.92,45.29
-20.40,74.95,33.72
-19.50,44.97,22.64
-18.60,44.97,22.65
-17.40,59.96,28.70
-15.90,74.95,33.73
-13.20,134.92,45.30
-10.80,119.93,43.44
-7.50,164.90,47.72
-4.80,134.92,45.30
-1.20,74.95,33.77
0.60,89.95,37.83
0.60,89.95,37.83
2.70,104.94,41.01
5.10,119.93,43.46
7.80,134.92,45.32
11.10,164.90,47.73
14.40,164.90,47.73
18.60,209.87,49.45
22.20,179.89,48.49
28.80,134.92,45.33
30.60,89.95,37.89
31.20,29.98,15.87
32.10,44.97,22.84
33.00,44.97,22.84
33.60,29.98,15.88
34.80,59.96,28.86
34.80,59.96,28.86
36.60,119.95,43.50
41.10,104.94,41.07
43.20,104.94,41.08
44.70,74.95,33.89
45.30,29.98,15.93
44.10,-59.96,-28.80
41.70,-119.93,-43.58
39.60,-104.94,-41.12
37.50,-104.94,-41.12
35.70,-89.95,-37.93
35.10,-29.98,-15.78
35.10,0.00,0.07
35.40,14.99,8.19
35.70,14.99,8.19
35.10,-29.98,-15.78
33.30,-89.95,-37.94
30.30,-149.91,-46.85
26.70,-179.89,-48.64
20.10,-149.91,-46.85
18.30,-89.95,-37.97
17.10,-59.96,-28.89
15.90,-59.96,-28.89
14.10,-89.95,-37.98
11.70,-119.93,-43.62
8.70,-149.91,-46.86
5.40,-164.90,-47.89
1.50,-194.88,-49.20
-4.50,-134.92,-45.49
-6.60,-104.94,-41.20
-8.40,-89.95,-38.03
-10.50,-104.94,-41.20
-12.90,-119.93,-43.65
-15.90,-149.91,-46.88
-23.10,-179.89,-48.66
-27.00,-194.88,-49.21
-30.30,-164.90,-47.91
-32.70,-119.93,-43.67
-33.90,-59.96,-29.05
-34.50,-29.98,-16.08
-35.70,-29.98,-16.09
-36.30,-29.98,-16.09
-37.50,-59.96,-29.06
-38.70,-59.96,-29.06
-40.20,-74.95,-34.07
-41.70,-74.95,-34.07
-42.90,-59.96,-29.08
-43.20,14.99,7.82
-40.80,119.93,43.40
-37.80,149.91,46.67
-34.80,149.91,46.67
-31.80,149.91,46.67
-30.30,74.95,33.70
-29.70,29.98,15.61
-29.40,14.99,7.89
-29.40,0.00,-0.24
-28.50,44.97,22.61
-26.40,104.94,40.96
-23.70,134.92,45.29
-20.70,149.91,46.68
-17.40,164.90,47.71
-15.00,119.93,43.44
-11.40,89.95,37.80
-9.60,89.95,37.81
-7.20,119.93,43.45
-4.20,149.91,46.69
-1.20,149.91,46.69
1.80,149.91,46.70
4.80,149.91,46.70
7.80,149.91,46.70
10.50,134.92,45.32
13.80,164.90,47.73
17.10,164.90,47.73
20.70,179.89,48.49
24.60,194.88,49.04
28.80,209.87,49.45
31.80,149.91,46.72
35.10,164.90,47.74
36.90,89.95,37.90
37.50,29.98,15.90
37.80,14.99,8.20
38.10,14.99,8.20
38.40,14.99,8.20
39.30,44.97,22.86
40.80,74.95,33.88
43.20,119.93,43.51
45.00,89.95,37.92
46.80,89.95,37.92
48.30,74.95,33.90
48.30,0.00,0.13
46.20,-104.94,-41.11
43.20,-149.91,-46.84
40.20,-149.91,-46.84
37.20,-149.91,-46.84
35.40,-89.95,-37.93
34.20,-59.96,-28.83
33.60,-29.98,-15.79
31.80,-59.96,-28.84
30.00,-89.95,-37.95
27.60,-119.93,-43.60
24.90,-134.92,-45.46
22.20,-134.92,-45.46
19.80,-119.93,-43.61
17.40,-119.93,-43.61
15.60,-89.95,-37.98
11.70,-104.94,-41.17
9.00,-134.92,-45.47
6.00,-149.91,-46.86
3.00,-149.91,-46.86
0.00,-149.91,-46.87
-2.40,-119.93,-43.63
-5.10,-134.92,-45.49
-7.80,-134.92,-45.49
-13.50,-149.91,-46.88
-16.80,-164.90,-47.90
-20.40,-179.89,-48.66
-23.70,-164.90,-47.91
-27.00,-164.90,-47.91
-32.10,-119.93,-43.67
-34.20,-104.94,-41.24
-36.00,-89.95,-38.08
-37.50,-74.95,-34.06
-39.00,-74.95,-34.06
-40.20,-59.96,-29.07
-41.40,-59.96,-29.07
-43.80,-59.96,-29.08
-45.00,-59.96,-29.08
-46.20,-59.96,-29.09
-47.40,-59.96,-29.09
-48.00,-29.98,-16.14
-47.70,14.99,7.80
-45.90,89.95,37.73
-43.20,134.92,45.27
-40.20,149.91,46.67
-36.00,89.95,37.75
-35.40,29.98,15.59
-35.40,0.00,-0.27
-35.10,14.99,7.86
-34.20,44.97,22.59
-32.10,104.94,40.96
-28.80,164.90,47.71
-25.20,179.89,48.47
-21.30,194.88,49.03
-18.00,164.90,47.71
-15.90,104.94,40.98
-14.10,89.95,37.80
-12.00,104.94,40.99
-9.00,149.91,46.69
-5.70,164.90,47.72
-2.10,179.89,48.48
5.10,164.90,47.73
5.10,164.90,47.73
11.10,149.91,46.70
14.40,164.90,47.73
18.00,179.89,48.49
21.60,179.89,48.49
25.20,179.89,48.49
29.10,194.88,49.04
32.40,164.90,47.74
35.10,134.92,45.34
37.20,104.94,41.07
39.00,89.95,37.91
40.80,89.95,37.91
42.00,59.96,28.89
43.80,89.95,37.92
45.30,74.95,33.89
47.10,89.95,37.92
48.90,89.95,37.93
50.40,74.95,33.91
51.60,59.96,28.92
52.20,29.98,15.96
51.60,-29.98,-15.71
50.40,-59.96,-28.78
48.60,-89.95,-37.91
46.20,-119.93,-43.57
44.40,-89.95,-37.92
43.80,-29.98,-15.75
43.80,0.00,0.11
44.10,14.99,8.23
44.10,0.00,0.11
43.20,-44.97,-22.74
41.10,-104.94,-41.12
37.50,-179.89,-48.64
28.80,-224.86,-49.90
24.90,-194.88,-49.20
22.50,-119.93,-43.60
21.00,-74.95,-33.91
18.90,-104.94,-41.15
16.20,-134.92,-45.47
12.90,-164.90,-47.89
9.30,-179.89,-48.65
0.90,-209.87,-49.61
-2.10,-149.91,-46.87
-5.10,-149.91,-46.87
-8.10,-149.91,-46.87
-11.10,-149.91,-46.87
-14.10,-149.91,-46.88
-18.30,-209.87,-49.61
-26.40,-209.87,-49.62
-29.70,-164.90,-47.91
-33.00,-164.90,-47.91
-35.70,-134.92,-45.51
-37.80,-104.94,-41.25
-41.70,-89.95,-38.09
-43.50,-89.95,-38.10
-45.00,-74.95,-34.08
-46.50,-74.95,-34.08
-48.00,-74.95,-34.09
-49.50,-74.95,-34.09
-51.90,-44.97,-23.10
-52.80,-44.97,-23.11
-53.10,-14.99,-8.47
-52.50,29.98,15.51
-51.30,59.96,28.59
-50.10,59.96,28.59
-48.60,74.95,33.65
-47.40,59.96,28.60
-46.80,29.98,15.54
-46.50,14.99,7.81
-45.90,29.98,15.54
-44.70,59.96,28.61
-43.50,59.96,28.61
-41.40,104.94,40.94
-38.70,134.92,45.27
-35.10,179.89,48.47
-27.90,179.89,48.47
-24.90,149.91,46.68
-22.20,134.92,45.29
-19.20,149.91,46.68
-15.30,194.88,49.03
-11.10,209.87,49.44
-6.90,209.87,49.44
-2.40,224.86,49.74
2.70,254.85,50.11
7.80,254.85,50.11
13.50,284.83,50.30
18.90,269.84,50.22
23.70,239.85,49.95
27.30,179.89,48.49
30.30,149.91,46.72
33.30,149.91,46.72
35.70,119.93,43.50
41.70,149.91,46.72
44.10,119.93,43.51
46.50,119.93,43.51
48.60,104.94,41.09
50.70,104.94,41.09
52.20,74.95,33.91
53.70,74.95,33.92
54.90,59.96,28.93
56.10,59.96,28.93
56.70,29.98,15.98
56.70,0.00,0.17
57.30,29.98,15.98
57.90,29.98,15.98
58.50,29.98,15.99
58.80,14.99,8.29
58.80,14.99,8.29
59.10,14.99,8.30
59.10,0.00,0.18
58.20,-44.97,-22.69
56.70,-74.95,-33.81
54.60,-104.94,-41.10
48.90,-149.91,-46.83
46.20,-134.92,-45.44
43.80,-119.93,-43.58
42.00,-89.95,-37.92
39.90,-104.94,-41.12
37.20,-134.92,-45.45
34.50,-134.92,-45.45
26.40,-209.87,-49.61
22.50,-194.88,-49.20
18.90,-179.89,-48.64
15.00,-194.88,-49.20
11.10,-194.88,-49.20
6.90,-209.87,-49.61
2.10,-239.85,-50.12
-2.70,-239.85,-50.12
-12.30,-239.85,-50.12
-16.80,-224.86,-49.91
-21.30,-224.86,-49.91
-25.50,-209.87,-49.62
-29.40,-194.88,-49.21
-36.90,-179.89,-48.66
-39.90,-149.91,-46.89
-43.20,-164.90,-47.92
-45.90,-134.92,-45.52
-48.60,-134.92,-45.53
-53.10,-104.94,-41.27
-54.90,-89.95,-38.12
-56.10,-59.96,-29.12
-56.70,-29.98,-16.17
-57.30,-29.98,-16.18
-57.60,-14.99,-8.49
-57.90,-14.99,-8.49
-60.00,-44.97,-23.13
-60.90,-44.97,-23.14
-61.20,-14.99,-8.50
-61.50,-14.99,-8.50
-60.90,29.98,15.48
-58.50,119.93,43.38
-55.80,134.92,45.26
-52.50,164.90,47.70
-49.50,149.91,46.66
-47.70,89.95,37.73
-46.50,59.96,28.60
-42.90,89.95,37.74
-40.50,119.93,43.40
-36.90,179.89,48.47
-32.70,209.87,49.44
-28.20,224.86,49.73
-23.70,224.86,49.73
-20.10,179.89,48.47
-16.50,179.89,48.47
-12.60,194.88,49.03
-8.10,224.86,49.74
-3.30,239.85,49.95
2.10,269.84,50.22
6.90,239.85,49.95
12.30,269.84,50.22
16.50,209.87,49.44
21.30,239.85,49.95
30.00,194.88,49.04
34.50,224.86,49.74
38.70,209.87,49.45
42.90,209.87,49.45
47.10,209.87,49.45
50.70,179.89,48.50
53.70,149.91,46.73
55.50,89.95,37.94
56.70,59.96,28.93
57.90,59.96,28.94
58.80,44.97,22.94
59.70,44.97,22.94
60.90,59.96,28.95
62.40,74.95,33.94
63.90,74.95,33.94
65.10,59.96,28.96
65.70,29.98,16.02
65.70,0.00,0.21
65.10,-29.98,-15.65
64.50,-29.98,-15.66
63.60,-44.97,-22.67
62.70,-44.97,-22.67
62.10,-29.98,-15.67
61.50,-29.98,-15.67
60.90,-29.98,-15.67
59.70,-59.96,-28.75
57.90,-89.95,-37.89
55.80,-104.94,-41.10
49.80,-164.90,-47.87
46.50,-164.90,-47.87
42.90,-179.89,-48.63
39.90,-149.91,-46.84
36.30,-179.89,-48.64
32.10,-209.87,-49.60
27.30,-239.85,-50.12
18.00,-224.86,-49.90
12.90,-254.85,-50.28
8.10,-239.85,-50.12
3.30,-239.85,-50.12
-1.80,-254.85,-50.28
-7.50,-284.83,-50.47
-12.90,-269.84,-50.39
-23.70,-254.85,-50.28
-28.50,-239.85,-50.12
-33.30,-239.85,-50.12
-37.50,-209.87,-49.62
-41.70,-209.87,-49.62
-48.90,-164.90,-47.92
-52.50,-179.89,-48.67
-55.20,-134.92,-45.53
-57.90,-134.92,-45.53
-59.70,-89.95,-38.13
-63.30,-74.95,-34.13
-64.80,-74.95,-34.13
-65.70,-44.97,-23.15
-66.60,-44.97,-23.16
-67.50,-44.97,-23.16
-68.40,-44.97,-23.16
-69.30,-44.97,-23.17
-71.10,-29.98,-16.24
-71.10,0.00,-0.44
-71.10,0.00,-0.44
-69.90,59.96,28.53
-68.10,89.95,37.68
-65.70,119.93,43.37
-62.70,149.91,46.65
-59.40,164.90,47.69
-56.70,134.92,45.26
-54.90,89.95,37.71
-53.10,89.95,37.72
-51.00,104.94,40.92
-48.30,134.92,45.26
-45.00,164.90,47.70
-41.10,194.88,49.02
-31.20,254.85,50.11
-26.70,224.86,49.73
-23.10,179.89,48.47
-18.90,209.87,49.44
-14.10,239.85,49.95
-8.70,269.84,50.22
-3.00,284.83,50.30
2.70,284.83,50.30
7.50,239.85,49.95
12.90,269.84,50.22
18.30,269.84,50.22
23.70,269.84,50.22
28.80,254.85,50.11
33.90,254.85,50.11
38.70,239.85,49.96
43.20,224.86,49.74
47.40,209.87,49.45
51.30,194.88,49.05
54.30,149.91,46.73
60.30,149.91,46.74
62.70,119.93,43.53
65.10,119.93,43.53
66.90,89.95,37.97
68.70,89.95,37.97
70.20,74.95,33.96
71.40,59.96,28.98
72.30,44.97,22.99
73.20,44.97,22.99
73.50,14.99,8.36
74.10,29.98,16.05
74.10,0.00,0.25
74.10,0.00,0.25
74.10,0.00,0.25
74.10,0.00,0.25
73.50,-29.98,-15.62
73.20,-14.99,-7.88
72.30,-44.97,-22.63
71.10,-59.96,-28.71
69.90,-59.96,-28.72
65.70,-119.93,-43.55
63.30,-119.93,-43.55
60.90,-119.93,-43.55
57.60,-164.90,-47.86
54.30,-164.90,-47.87
51.00,-164.90,-47.87
46.80,-209.87,-49.60
37.50,-239.85,-50.12
32.10,-269.84,-50.39
27.00,-254.85,-50.27
21.30,-284.83,-50.47
15.90,-269.84,-50.39
9.90,-299.82,-50.53
3.90,-299.82,-50.53
-2.10,-299.82,-50.53
-14.10,-299.82,-50.53
-20.10,-299.82,-50.53
-26.10,-299.82,-50.53
-31.50,-269.84,-50.39
-36.90,-269.84,-50.39
-46.20,-224.86,-49.91
-50.70,-224.86,-49.91
-54.60,-194.88,-49.22
-58.20,-179.89,-48.67
-61.50,-164.90,-47.92
-66.90,-119.93,-43.71
-69.30,-119.93,-43.71
-71.40,-104.94,-41.30
-72.90,-74.95,-34.15
-74.40,-74.95,-34.15
-75.60,-59.96,-29.18
-78.00,-59.96,-29.19
-79.20,-59.96,-29.19
-80.10,-44.97,-23.21
-80.70,-29.98,-16.28
-80.70,0.00,-0.48
-80.10,29.98,15.39
-79.20,44.97,22.42
-78.00,59.96,28.50
-76.80,59.96,28.51
-75.90,44.97,22.43
-74.70,59.96,28.51
-73.20,74.95,33.58
-71.40,89.95,37.68
-66.30,149.91,46.65
-63.30,149.91,46.65
-59.70,179.89,48.46
-56.10,179.89,48.46
-52.50,179.89,48.46
-48.30,209.87,49.43
-43.50,239.85,49.95
-38.70,239.85,49.95
-33.90,239.85,49.95
-28.20,284.83,50.30
-22.50,284.83,50.30
-10.80,284.83,50.30
-5.10,284.83,50.30
1.50,329.80,50.44
7.50,299.82,50.36
13.50,299.82,50.36
18.90,269.84,50.22
24.30,269.84,50.22
29.70,269.84,50.22
35.10,269.84,50.22
39.30,209.87,49.45
44.10,239.85,49.96
48.30,209.87,49.45
52.50,209.87,49.45
56.10,179.89,48.50
59.70,179.89,48.50
62.70,149.91,46.74
65.70,149.91,46.74
68.10,119.93,43.54
69.90,89.95,37.97
71.70,89.95,37.97
73.50,89.95,37.98
75.30,89.95,37.98
76.80,74.95,33.98
77.70,44.97,23.01
78.60,44.97,23.01
78.90,14.99,8.39
78.90,0.00,0.27
78.60,-14.99,-7.86
78.30,-14.99,-7.86
78.30,0.00,0.27
78.00,-14.99,-7.86
77.70,-14.99,-7.86
76.50,-59.96,-28.69
75.30,-59.96,-28.70
73.50,-89.95,-37.85
71.70,-89.95,-37.86
69.30,-119.93,-43.54
63.90,-149.91,-46.82
60.90,-149.91,-46.82
57.30,-179.89,-48.63
53.40,-194.88,-49.19
48.90,-224.86,-49.90
44.10,-239.85,-50.12
39.00,-254.85,-50.27
28.20,-284.83,-50.47
22.50,-284.83,-50.47
16.80,-284.83,-50.47
11.10,-284.83,-50.47
4.80,-314.81,-50.57
-1.80,-329.80,-50.60
-8.40,-329.80,-50.60
-21.30,-314.81,-50.57
-27.30,-299.82,-50.53
-33.30,-299.82,-50.53
-39.00,-284.83,-50.47
-44.40,-269.84,-50.39
-54.30,-239.85,-50.13
-58.50,-209.87,-49.62
-63.00,-224.86,-49.91
-66.30,-164.90,-47.93
-69.90,-179.89,-48.68
-75.30,-119.93,-43.72
-77.10,-89.95,-38.17
-79.20,-104.94,-41.31
-80.70,-74.95,-34.17
-81.90,-59.96,-29.20
-83.70,-89.95,-38.18
-86.70,-74.95,-34.19
-88.20,-74.95,-34.19
-89.10,-44.97,-23.24
-89.10,0.00,-0.52
-88.50,29.98,15.36
-87.90,29.98,15.36
-87.00,44.97,22.39
-86.10,44.97,22.39
-85.50,29.98,15.37
-84.90,29.98,15.37
-83.70,59.96,28.48
-82.50,59.96,28.49
-80.70,89.95,37.66
-78.30,119.93,43.36
-75.90,119.93,43.36
-69.90,149.91,46.65
-66.60,164.90,47.69
-63.00,179.89,48.46
-59.10,194.88,49.02
-54.30,239.85,49.95
-49.50,239.85,49.95
-44.10,269.84,50.22
-38.70,269.84,50.22
-33.00,284.83,50.30
-27.30,284.83,50.30
-21.30,299.82,50.36
-7.80,344.79,50.46
-0.90,344.79,50.46
5.70,329.80,50.44
12.90,359.78,50.48
19.50,329.80,50.44
25.80,314.81,50.41
31.80,299.82,50.36
37.50,284.83,50.30
42.90,269.84,50.22
48.30,269.84,50.22
53.70,269.84,50.22
57.90,209.87,49.45
62.10,209.87,49.45
65.10,149.91,46.74
68.10,149.91,46.74
71.10,149.91,46.74
73.50,119.93,43.54
75.90,119.93,43.55
78.30,119.93,43.55
81.30,149.91,46.75
83.70,119.93,43.56
86.10,119.93,43.56
87.60,74.95,34.00
88.50,44.97,23.05
89.10,29.98,16.12
88.80,-14.99,-7.81
88.50,-14.99,-7.81
87.90,-29.98,-15.56
86.10,-59.96,-28.66
84.30,-89.95,-37.83
82.50,-89.95,-37.84
80.70,-89.95,-37.84
78.30,-119.93,-43.53
75.90,-119.93,-43.54
73.50,-119.93,-43.54
71.40,-104.94,-41.07
66.30,-134.92,-45.42
63.30,-149.91,-46.82
60.30,-149.91,-46.82
56.70,-179.89,-48.63
53.10,-179.89,-48.63
49.20,-194.88,-49.19
44.70,-224.86,-49.90
35.10,-239.85,-50.12
29.70,-269.84,-50.39
24.00,-284.83,-50.47
18.00,-299.82,-50.53
12.00,-299.82,-50.53
5.70,-314.81,-50.57
-0.30,-299.82,-50.53
-12.90,-314.81,-50.57
-18.90,-299.82,-50.53
-24.90,-299.82,-50.53
-31.20,-314.81,-50.57
-37.20,-299.82,-50.53
-48.30,-269.84,-50.39
-53.70,-269.84,-50.39
-58.50,-239.85,-50.13
-62.70,-209.87,-49.62
-66.90,-209.87,-49.62
-74.10,-179.89,-48.68
-76.80,-134.92,-45.55
-79.50,-134.92,-45.55
-81.30,-89.95,-38.18
-83.10,-89.95,-38.18
-84.90,-89.95,-38.18
-87.90,-74.95,-34.19
-89.70,-89.95,-38.19
-91.50,-89.95,-38.20
-92.70,-59.96,-29.23
-93.30,-29.98,-16.33
-93.60,-14.99,-8.65
-93.00,29.98,15.34
-91.20,89.95,37.64
-89.10,104.94,40.86
-85.20,89.95,37.65
-84.00,59.96,28.48
-83.10,44.97,22.40
-82.20,44.97,22.40
-80.40,89.95,37.66
-78.60,89.95,37.66
-76.20,119.93,43.36
-72.60,179.89,48.45
-69.30,164.90,47.69
-65.40,194.88,49.02
-61.20,209.87,49.43
-57.00,209.87,49.43
-53.40,179.89,48.46
-49.20,209.87,49.43
-39.00,269.84,50.22
-33.00,299.82,50.36
-27.30,284.83,50.30
-21.30,299.82,50.36
-16.20,254.85,50.11
-10.50,284.83,50.30
-4.20,314.81,50.41
2.40,329.80,50.44
8.70,314.81,50.41
15.00,314.81,50.41
21.30,314.81,50.41
27.60,314.81,50.41
33.00,269.84,50.22
39.00,299.82,50.36
44.40,269.84,50.22
49.80,269.84,50.22
54.60,239.85,49.96
62.70,194.88,49.05
66.30,179.89,48.51
69.60,164.90,47.76
72.60,149.91,46.74
75.30,134.92,45.38
77.70,119.93,43.55
79.80,104.94,41.14
82.20,119.93,43.55
84.00,89.95,38.00
85.80,89.95,38.00
87.30,74.95,34.00
88.20,44.97,23.05
88.80,29.98,16.12
88.80,0.00,0.32
88.80,0.00,0.32
88.20,-29.98,-15.56
88.20,0.00,0.32
87.60,-29.98,-15.56
86.40,-59.96,-28.66
85.20,-59.96,-28.67
84.00,-59.96,-28.67
82.20,-89.95,-37.84
80.70,-74.95,-33.75
78.90,-89.95,-37.84
77.10,-89.95,-37.85
74.70,-119.93,-43.54
72.00,-134.92,-45.41
65.40,-179.89,-48.63
61.50,-194.88,-49.19
57.30,-209.87,-49.60
53.10,-209.87,-49.60
48.60,-224.86,-49.90
43.20,-269.84,-50.39
37.80,-269.84,-50.39
25.80,-299.82,-50.53
19.20,-329.80,-50.60
13.50,-284.83,-50.47
6.90,-329.80,-50.60
0.00,-344.79,-50.63
-6.60,-329.80,-50.60
-13.20,-329.80,-50.60
-27.60,-359.78,-50.64
-34.20,-329.80,-50.60
-40.20,-299.82,-50.53
-46.20,-299.82,-50.53
-51.60,-269.84,-50.39
-61.50,-254.85,-50.28
-66.30,-239.85,-50.13
-70.80,-224.86,-49.92
-75.00,-209.87,-49.63
-78.60,-179.89,-48.68
-84.00,-119.93,-43.73
-86.40,-119.93,-43.74
-88.20,-89.95,-38.19
-89.40,-59.96,-29.22
-90.60,-59.96,-29.23
-91.80,-59.96,-29.23
-94.80,-74.95,-34.21
-96.30,-74.95,-34.21
-97.20,-44.97,-23.27
-97.80,-29.98,-16.35
-97.80,0.00,-0.56
-97.20,29.98,15.32
-96.60,29.98,15.32
-96.00,29.98,15.33
-95.40,29.98,15.33
-94.80,29.98,15.33
-94.20,29.98,15.33
-92.70,74.95,33.53
-90.90,89.95,37.64
-88.80,104.94,40.86
-84.00,119.93,43.35
-81.30,134.92,45.23
-78.00,164.90,47.68
-74.40,179.89,48.45
-70.50,194.88,49.02
-66.00,224.86,49.73
-61.80,209.87,49.43
-57.00,239.85,49.95
-51.60,269.84,50.22
-45.60,299.82,50.36
-39.60,299.82,50.36
-27.60,299.82,50.36
-20.40,359.78,50.48
-13.20,359.78,50.48
-6.60,329.80,50.44
0.60,359.78,50.48
7.50,344.79,50.46
13.80,314.81,50.41
20.70,344.79,50.46
27.00,314.81,50.41
33.00,299.82,50.36
39.00,299.82,50.36
44.40,269.84,50.22
49.50,254.85,50.11
54.60,254.85,50.11
58.80,209.87,49.45
63.00,209.87,49.45
66.30,164.90,47.76
69.60,164.90,47.76
72.60,149.91,46.74
75.00,119.93,43.55
77.40,119.93,43.55
82.20,119.93,43.55
84.90,134.92,45.39
87.00,104.94,41.15
88.20,59.96,29.03
89.10,44.97,23.05
89.40,14.99,8.44
89.40,0.00,0.32
89.40,0.00,0.32
89.70,14.99,8.44
90.00,14.99,8.44
90.60,29.98,16.12
90.90,14.99,8.44
90.90,0.00,0.33
90.30,-29.98,-15.55
89.10,-59.96,-28.65
87.90,-59.96,-28.66
85.80,-104.94,-41.05
83.70,-104.94,-41.05
79.50,-104.94,-41.06
77.10,-119.93,-43.53
74.10,-149.91,-46.82
70.50,-179.89,-48.62
66.60,-194.88,-49.19
62.10,-224.86,-49.90
57.60,-224.86,-49.90
47.70,-254.85,-50.27
42.00,-284.83,-50.47
35.70,-314.81,-50.57
29.10,-329.80,-50.60
22.50,-329.80,-50.60
15.60,-344.79,-50.63
8.40,-359.78,-50.64
-5.70,-359.78,-50.64
-13.50,-389.76,-50.66
-20.70,-359.78,-50.64
-27.90,-359.78,-50.64
-34.50,-329.80,-50.60
-46.50,-299.82,-50.53
-52.50,-299.82,-50.53
-58.50,-299.82,-50.53
-63.90,-269.84,-50.39
-69.00,-254.85,-50.28
-73.50,-224.86,-49.92
-81.30,-179.89,-48.68
-84.30,-149.91,-46.92
-87.60,-164.90,-47.94
-90.30,-134.92,-45.56
-93.00,-134.92,-45.57
-96.00,-59.96,-29.25
-96.90,-44.97,-23.27
-97.20,-14.99,-8.67
-97.50,-14.99,-8.67
-98.10,-29.98,-16.35
-99.30,-59.96,-29.26
-100.20,-44.97,-23.28
-101.10,0.00,-0.58
-100.50,29.98,15.31
-99.30,59.96,28.43
-98.10,59.96,28.44
-96.90,59.96,28.44
-96.00,44.97,22.35
-95.10,44.97,22.35
-93.90,59.96,28.45
-92.10,89.95,37.63
-90.30,89.95,37.64
-87.90,119.93,43.35
-84.90,149.91,46.64
-81.90,149.91,46.64
-78.90,149.91,46.64
-71.70,179.89,48.45
-67.80,194.88,49.02
-63.30,224.86,49.73
-58.50,239.85,49.95
-53.10,269.84,50.22
-47.70,269.84,50.22
-41.70,299.82,50.36
-35.70,299.82,50.36
-29.40,314.81,50.40
-22.80,329.80,50.44
-15.90,344.79,50.46
-3.30,314.81,50.41
3.60,344.79,50.46
10.50,344.79,50.46
17.40,344.79,50.46
24.30,344.79,50.46
30.60,314.81,50.41
36.60,299.82,50.36
42.30,284.83,50.30
47.40,254.85,50.11
52.50,254.85,50.11
56.70,209.87,49.45
60.90,209.87,49.45
64.80,194.88,49.05
68.10,164.90,47.76
71.10,149.91,46.74
73.80,134.92,45.38
75.90,104.94,41.13
78.30,119.93,43.55
80.10,89.95,37.99
81.90,89.95,38.00
83.70,89.95,38.00
85.80,104.94,41.14
87.30,74.95,34.00
88.50,59.96,29.03
88.80,14.99,8.43
88.80,0.00,0.32
88.20,-29.98,-15.56
87.90,-14.99,-7.81
87.30,-29.98,-15.56
86.70,-29.98,-15.56
85.80,-44.97,-22.58
84.60,-59.96,-28.67
81.00,-89.95,-37.84
78.60,-119.93,-43.53
75.90,-134.92,-45.41
73.50,-119.93,-43.54
71.10,-119.93,-43.54
68.70,-119.93,-43.55
66.00,-134.92,-45.42
59.70,-164.90,-47.86
55.80,-194.88,-49.19
51.30,-224.86,-49.90
46.80,-224.86,-49.90
42.60,-209.87,-49.60
37.50,-254.85,-50.27
32.40,-254.85,-50.27
20.70,-314.81,-50.57
14.40,-314.81,-50.57
7.50,-344.79,-50.63
1.20,-314.81,-50.57
-5.40,-329.80,-50.60
-12.00,-329.80,-50.60
-18.00,-299.82,-50.53
-31.20,-329.80,-50.60
-38.10,-344.79,-50.63
-44.40,-314.81,-50.57
-50.40,-299.82,-50.53
-56.40,-299.82,-50.53
-66.60,-239.85,-50.13
-71.10,-224.86,-49.92
-75.60,-224.86,-49.92
-79.20,-179.89,-48.68
-82.80,-179.89,-48.68
-88.80,-134.92,-45.56
-90.90,-104.94,-41.33
-92.40,-74.95,-34.20
-93.90,-74.95,-34.21
-94.80,-44.97,-23.26
-96.00,-59.96,-29.25
-99.60,-89.95,-38.21
-101.40,-89.95,-38.22
-102.60,-59.96,-29.27
-103.20,-29.98,-16.37
-102.90,14.99,7.55
-102.30,29.98,15.30
-101.10,59.96,28.43
-99.30,44.97,22.34
-98.70,29.98,15.31
-98.10,29.98,15.32
-96.90,59.96,28.44
-95.40,74.95,33.53
-93.30,104.94,40.86
-90.90,119.93,43.34
-88.20,134.92,45.23
-85.50,134.92,45.23
-82.50,149.91,46.64
-79.50,149.91,46.64
-75.90,179.89,48.45
-71.70,209.87,49.43
-67.80,194.88,49.02
-57.90,239.85,49.95
-52.50,269.84,50.22
-46.50,299.82,50.36
-40.20,314.81,50.40
-33.60,329.80,50.44
-26.70,344.79,50.46
-19.80,344.79,50.46
-13.20,329.80,50.44
-7.20,299.82,50.36
0.30,374.77,50.49
6.90,329.80,50.44
14.10,359.78,50.48
20.70,329.80,50.44
27.30,329.80,50.44
38.70,269.84,50.22
44.40,284.83,50.30
49.50,254.85,50.11
54.30,239.85,49.96
58.80,224.86,49.75
62.70,194.88,49.05
66.00,164.90,47.76
69.30,164.90,47.76
72.30,149.91,46.74
75.30,149.91,46.75
78.30,149.91,46.75
81.30,149.91,46.75
84.30,149.91,46.75
86.70,119.93,43.56
88.50,89.95,38.01
90.30,89.95,38.01
90.90,29.98,16.13
91.20,14.99,8.44
91.20,0.00,0.33
90.60,-29.98,-15.55
90.00,-29.98,-15.55
89.70,-14.99,-7.81
89.40,-14.99,-7.81
88.20,-59.96,-28.66
87.00,-59.96,-28.66
85.50,-74.95,-33.74
83.40,-104.94,-41.05
78.90,-104.94,-41.06
76.80,-104.94,-41.06
74.70,-104.94,-41.06
72.60,-104.94,-41.07
69.60,-149.91,-46.82
66.60,-149.91,-46.82
63.00,-179.89,-48.63
54.60,-224.86,-49.90
50.10,-224.86,-49.90
45.60,-224.86,-49.90
40.80,-239.85,-50.12
35.10,-284.83,-50.47
30.00,-254.85,-50.27
23.40,-329.80,-50.60
10.20,-329.80,-50.60
3.60,-329.80,-50.60
-3.00,-329.80,-50.60
-9.30,-314.81,-50.57
-16.20,-344.79,-50.63
-23.40,-359.78,-50.64
-37.20,-344.79,-50.63
-43.80,-329.80,-50.61
-50.40,-329.80,-50.61
-56.40,-299.82,-50.53
-61.20,-239.85,-50.13
-70.20,-209.87,-49.62
-75.00,-239.85,-50.13
-79.20,-209.87,-49.63
-82.80,-179.89,-48.68
-86.40,-179.89,-48.68
-91.80,-119.93,-43.74
-94.20,-119.93,-43.74
-96.00,-89.95,-38.21
-97.20,-59.96,-29.25
-98.40,-59.96,-29.25
-99.60,-59.96,-29.26
-101.40,-89.95,-38.22
-104.40,-59.96,-29.27
-105.60,-59.96,-29.28
-105.60,0.00,-0.60
-105.00,29.98,15.29
-103.80,59.96,28.42
-102.60,59.96,28.42
-101.10,74.95,33.51
-99.60,29.98,15.31
-98.70,44.97,22.34
-97.50,59.96,28.44
-95.70,89.95,37.63
-93.60,104.94,40.86
-90.90,134.92,45.22
-88.20,134.92,45.23
-84.90,164.90,47.68
-81.90,149.91,46.64
-78.60,164.90,47.68
-75.00,179.89,48.45
-71.10,194.88,49.02
-66.30,239.85,49.94
-55.80,269.84,50.22
-50.40,269.84,50.22
-45.30,254.85,50.10
-39.60,284.83,50.30
-33.00,329.80,50.44
-26.10,344.79,50.46
-19.20,344.79,50.46
-12.00,359.78,50.48
-4.80,359.78,50.48
2.40,359.78,50.48
9.60,359.78,50.48
16.80,359.78,50.48
23.40,329.80,50.44
30.00,329.80,50.44
36.00,299.82,50.36
42.00,299.82,50.36
52.20,239.85,49.96
57.00,239.85,49.96
61.50,224.86,49.75
65.40,194.88,49.05
69.00,179.89,48.51
72.60,179.89,48.51
75.60,149.91,46.75
79.20,179.89,48.51
81.90,134.92,45.38
84.60,134.92,45.39
86.40,89.95,38.01
88.20,89.95,38.01
88.80,29.98,16.12
89.40,29.98,16.12
89.40,0.00,0.32
89.40,0.00,0.32
90.00,29.98,16.12
90.60,29.98,16.12
91.20,29.98,16.13
91.20,0.00,0.33
90.60,-29.98,-15.55
89.40,-59.96,-28.65
87.90,-74.95,-33.73
85.80,-104.94,-41.05
83.40,-119.93,-43.53
81.60,-89.95,-37.84
80.40,-59.96,-28.68
78.60,-89.95,-37.84
76.80,-89.95,-37.85
74.70,-104.94,-41.06
69.00,-149.91,-46.82
65.40,-179.89,-48.63
61.50,-194.88,-49.19
56.70,-239.85,-50.11
51.60,-254.85,-50.27
47.10,-224.86,-49.90
37.20,-254.85,-50.27
31.80,-269.84,-50.39
25.20,-329.80,-50.60
18.60,-329.80,-50.60
12.00,-329.80,-50.60
5.40,-329.80,-50.60
-1.20,-329.80,-50.60
-7.80,-329.80,-50.60
-21.00,-329.80,-50.60
-28.20,-359.78,-50.64
-34.20,-299.82,-50.53
-41.10,-344.79,-50.63
-47.40,-314.81,-50.57
-58.80,-269.84,-50.39
-63.60,-239.85,-50.13
-68.40,-239.85,-50.13
-73.20,-239.85,-50.13
-77.40,-209.87,-49.63
-84.60,-164.90,-47.94
-87.60,-149.91,-46.93
-90.00,-119.93,-43.74
-91.80,-89.95,-38.20
-93.30,-74.95,-34.20
-95.70,-59.96,-29.24
-97.20,-74.95,-34.21
-99.60,-119.93,-43.75
-101.40,-89.95,-38.22
-102.60,-59.96,-29.27
-103.20,-29.98,-16.37
-102.90,29.98,15.30
-101.70,59.96,28.42
-99.90,89.95,37.62
-98.70,59.96,28.43
-98.10,29.98,15.32
-97.50,29.98,15.32
-96.90,29.98,15.32
-95.10,89.95,37.63
-93.30,89.95,37.63
-91.50,89.95,37.64
-88.50,149.91,46.63
-85.50,149.91,46.64
-82.50,149.91,46.64
-79.50,149.91,46.64
-76.50,149.91,46.64
-69.30,179.89,48.45
-65.10,209.87,49.43
-60.00,254.85,50.10
-54.60,269.84,50.22
-48.90,284.83,50.30
-43.50,269.84,50.22
-37.80,284.83,50.30
-31.50,314.81,50.40
-24.90,329.80,50.44
-18.00,344.79,50.46
-3.90,359.78,50.48
2.70,329.80,50.44
9.30,329.80,50.44
15.90,329.80,50.44
22.80,344.79,50.46
29.40,329.80,50.44
35.70,314.81,50.41
41.70,299.82,50.36
47.10,269.84,50.22
51.90,239.85,49.96
56.10,209.87,49.45
60.90,239.85,49.96
64.50,179.89,48.50
68.40,194.88,49.05
71.70,164.90,47.76
74.70,149.91,46.75
77.70,149.91,46.75
80.70,149.91,46.75
83.70,149.91,46.75
86.70,149.91,46.75
89.10,119.93,43.56
90.90,89.95,38.01
92.10,59.96,29.04
92.70,29.98,16.13
92.40,-14.99,-7.79
91.20,-59.96,-28.65
89.70,-74.95,-33.73
88.50,-59.96,-28.66
87.90,0.00,0.32
87.90,0.00,0.32
87.30,-29.98,-15.56
86.70,-29.98,-15.56
83.40,-89.95,-37.83
81.00,-119.93,-43.53
78.30,-134.92,-45.41
74.70,-179.89,-48.62
71.70,-149.91,-46.82
68.70,-149.91,-46.82
66.30,-119.93,-43.55
61.50,-134.92,-45.42
58.50,-149.91,-46.83
54.90,-179.89,-48.63
50.10,-239.85,-50.11
45.30,-239.85,-50.12
39.30,-299.82,-50.53
33.60,-284.83,-50.47
23.70,-239.85,-50.12
18.30,-269.84,-50.39
12.30,-299.82,-50.53
5.40,-344.79,-50.63
-1.50,-344.79,-50.63
-8.10,-329.80,-50.60
-14.40,-314.81,-50.57
-26.70,-314.81,-50.57
-32.10,-269.84,-50.39
-37.80,-284.83,-50.47
-44.10,-314.81,-50.57
-49.80,-284.83,-50.47
-60.90,-269.84,-50.39
-65.70,-239.85,-50.13
-70.50,-239.85,-50.13
-75.00,-224.86,-49.92
-78.90,-194.88,-49.23
-85.50,-149.91,-46.93
-87.90,-119.93,-43.74
-90.30,-119.93,-43.74
-92.40,-104.94,-41.33
-94.50,-104.94,-41.34
-98.70,-119.93,-43.75
-100.50,-89.95,-38.21
-102.30,-89.95,-38.22
-103.20,-44.97,-23.30
-103.50,-14.99,-8.70
-103.20,14.99,7.55
-102.30,29.98,15.30
-101.70,29.98,15.30
-101.40,14.99,7.55
-100.80,29.98,15.31
-99.90,44.97,22.34
-98.70,59.96,28.43
-97.20,74.95,33.52
-95.40,89.95,37.63
-93.30,104.94,40.86
-91.20,104.94,40.86
-88.80,119.93,43.34
-86.40,119.93,43.35
-83.40,149.91,46.64
-80.10,164.90,47.68
-72.00,209.87,49.43
-67.80,209.87,49.43
-63.00,239.85,49.95
-57.60,269.84,50.22
-52.80,239.85,49.95
-46.80,299.82,50.36
-41.10,284.83,50.30
-34.50,329.80,50.44
-28.20,314.81,50.40
-21.30,344.79,50.46
-6.60,359.78,50.48
1.20,389.76,50.50
8.40,359.78,50.48
15.60,359.78,50.48
21.60,299.82,50.36
27.90,314.81,50.41
33.60,284.83,50.30
39.30,284.83,50.30
45.00,284.83,50.30
50.40,269.84,50.22
55.20,239.85,49.96
59.70,224.86,49.75
63.60,194.88,49.05
67.20,179.89,48.51
70.20,149.91,46.74
73.20,149.91,46.74
76.20,149.91,46.75
78.60,119.93,43.55
81.00,119.93,43.55
83.40,119.93,43.56
85.80,119.93,43.56
87.90,104.94,41.15
89.40,74.95,34.01
90.60,59.96,29.04
91.20,29.98,16.13
90.90,-14.99,-7.80
90.90,0.00,0.33
90.30,-29.98,-15.55
90.30,0.00,0.33
89.70,-29.98,-15.55
89.10,-29.98,-15.55
87.90,-59.96,-28.66
84.90,-74.95,-33.74
83.10,-89.95,-37.83
81.30,-89.95,-37.84
79.80,-74.95,-33.75
78.00,-89.95,-37.84
75.90,-104.94,-41.06
72.90,-149.91,-46.82
69.90,-149.91,-46.82
66.90,-149.91,-46.82
59.10,-209.87,-49.60
54.90,-209.87,-49.60
50.70,-209.87,-49.60
45.60,-254.85,-50.27
39.90,-284.83,-50.47
34.20,-284.83,-50.47
27.90,-314.81,-50.57
14.70,-329.80,-50.60
8.70,-299.82,-50.53
2.70,-299.82,-50.53
-4.50,-359.78,-50.64
-11.70,-359.78,-50.64
-18.90,-359.78,-50.64
-26.10,-359.78,-50.64
-40.50,-344.79,-50.63
-47.10,-329.80,-50.61
-52.50,-269.84,-50.39
-57.90,-269.84,-50.39
-63.30,-269.84,-50.39
-73.50,-254.85,-50.28
-77.70,-209.87,-49.63
-81.90,-209.87,-49.63
-85.50,-179.89,-48.68
-88.50,-149.91,-46.93
-93.30,-119.93,-43.74
-95.10,-89.95,-38.20
-96.30,-59.96,-29.25
-97.50,-59.96,-29.25
-98.70,-59.96,-29.25
-100.50,-89.95,-38.21
-104.10,-89.95,-38.22
-105.30,-59.96,-29.27
-105.90,-29.98,-16.38
-106.20,-14.99,-8.71
-105.60,29.98,15.29
-105.00,29.98,15.29
-103.80,29.98,15.29
-103.80,0.00,-0.59
-103.20,29.98,15.30
-102.30,44.97,22.33
-100.80,74.95,33.51
-99.00,89.95,37.62
-96.60,119.93,43.33
-94.20,119.93,43.34
-91.80,119.93,43.34
-89.40,119.93,43.34
-86.40,149.91,46.63
-82.80,179.89,48.45
-74.10,224.86,49.73
-69.30,239.85,49.94
-64.20,254.85,50.10
-58.80,269.84,50.22
-52.80,299.82,50.36
-47.10,284.83,50.30
-40.20,344.79,50.46
-33.00,359.78,50.48
-25.80,359.78,50.48
-18.60,359.78,50.48
-12.00,329.80,50.44
2.40,329.80,50.44
9.00,329.80,50.44
15.60,329.80,50.44
22.20,329.80,50.44
27.60,269.84,50.22
33.90,314.81,50.41
39.60,284.83,50.30
45.30,284.83,50.30
49.80,224.86,49.74
54.60,239.85,49.96
58.80,209.87,49.45
62.40,179.89,48.50
66.00,179.89,48.51
69.60,179.89,48.51
72.60,149.91,46.74
75.00,119.93,43.55
77.40,119.93,43.55
79.50,104.94,41.13
81.60,104.94,41.14
83.10,74.95,33.99
84.90,89.95,38.00
86.40,74.95,34.00
87.60,59.96,29.03
88.20,29.98,16.11
88.50,14.99,8.43
88.50,0.00,0.32
87.90,-29.98,-15.56
87.30,-29.98,-15.56
86.10,-59.96,-28.66
85.20,-44.97,-22.58
83.70,-74.95,-33.74
80.40,-89.95,-37.84
78.30,-104.94,-41.06
76.50,-89.95,-37.85
74.40,-104.94,-41.06
72.30,-104.94,-41.07
69.90,-119.93,-43.54
67.50,-119.93,-43.55
64.80,-134.92,-45.42
58.50,-164.90,-47.86
54.30,-209.87,-49.60
50.10,-209.87,-49.60
45.90,-209.87,-49.60
41.10,-239.85,-50.12
36.30,-239.85,-50.12
30.60,-284.83,-50.47
18.90,-299.82,-50.53
12.30,-329.80,-50.60
5.70,-329.80,-50.60
-0.30,-299.82,-50.53
-6.90,-329.80,-50.60
-13.80,-344.79,-50.63
-27.30,-329.80,-50.60
-33.90,-329.80,-50.60
-41.10,-359.78,-50.64
-47.70,-329.80,-50.61
-54.30,-329.80,-50.61
-65.70,-269.84,-50.39
-70.80,-254.85,-50.28
-75.60,-239.85,-50.13
-80.10,-224.86,-49.92
-84.30,-209.87,-49.63
-91.50,-179.89,-48.68
-94.50,-149.91,-46.93
-96.90,-119.93,-43.75
-98.70,-89.95,-38.21
-99.90,-59.96,-29.26
-101.40,-74.95,-34.22
-104.70,-89.95,-38.22
-106.50,-89.95,-38.23
-108.30,-89.95,-38.23
-109.80,-74.95,-34.25
-110.70,-44.97,-23.32
-110.40,29.98,15.26
-109.50,44.97,22.30
-108.00,74.95,33.49
-106.20,89.95,37.60
-105.00,59.96,28.41
-104.40,29.98,15.29
-103.20,59.96,28.42
-102.00,59.96,28.42
-100.50,74.95,33.51
-98.40,104.94,40.85
-93.00,149.91,46.63
-90.00,149.91,46.63
-87.30,134.92,45.23
-84.30,149.91,46.64
-81.00,164.90,47.68
-77.10,194.88,49.01
-72.60,224.86,49.73
-67.80,239.85,49.94
-62.40,269.84,50.22
-57.30,254.85,50.10
-51.60,284.83,50.30
-39.30,314.81,50.40
-32.40,344.79,50.46
-25.50,344.79,50.46
-18.60,344.79,50.46
-11.40,359.78,50.48
-4.20,359.78,50.48
2.40,329.80,50.44
9.60,359.78,50.48
16.80,359.78,50.48
23.10,314.81,50.41
29.40,314.81,50.41
35.40,299.82,50.36
40.80,269.84,50.22
46.20,269.84,50.22
51.30,254.85,50.11
55.80,224.86,49.75
60.00,209.87,49.45
63.90,194.88,49.05
67.20,164.90,47.76
70.50,164.90,47.76
76.20,149.91,46.75
78.60,119.93,43.55
81.60,149.91,46.75
84.30,134.92,45.39
86.70,119.93,43.56
88.80,104.94,41.15
90.00,59.96,29.04
90.60,29.98,16.12
91.20,29.98,16.13
91.50,14.99,8.44
91.80,14.99,8.45
91.50,-14.99,-7.80
91.50,0.00,0.33
90.60,-44.97,-22.56
89.40,-59.96,-28.65
87.90,-74.95,-33.73
86.70,-59.96,-28.66
85.20,-74.95,-33.74
84.00,-59.96,-28.67
82.50,-74.95,-33.74
80.70,-89.95,-37.84
78.60,-104.94,-41.06
75.90,-134.92,-45.41
69.30,-179.89,-48.62
65.70,-179.89,-48.63
62.10,-179.89,-48.63
57.90,-209.87,-49.60
53.10,-239.85,-50.11
48.30,-239.85,-50.12
37.50,-299.82,-50.53
31.50,-299.82,-50.53
24.90,-329.80,-50.60
18.90,-299.82,-50.53
12.00,-344.79,-50.63
4.50,-374.77,-50.65
-2.70,-359.78,-50.64
-10.20,-374.77,-50.66
-25.50,-374.77,-50.66
-33.00,-374.77,-50.66
-39.90,-344.79,-50.63
-45.90,-299.82,-50.53
-52.20,-314.81,-50.57
-63.90,-299.82,-50.53
-68.70,-239.85,-50.13
-74.10,-269.84,-50.39
-78.90,-239.85,-50.13
-83.10,-209.87,-49.63
-90.30,-164.90,-47.94
-93.30,-149.91,-46.93
-95.70,-119.93,-43.75
-98.10,-119.93,-43.75
-99.60,-74.95,-34.22
-102.30,-59.96,-29.27
-103.80,-74.95,-34.23
-105.90,-104.94,-41.35
-107.70,-89.95,-38.23
-109.20,-74.95,-34.24
-110.70,-29.98,-16.40
-110.70,0.00,-0.62
-109.50,59.96,28.40
-108.30,59.96,28.40
-106.80,74.95,33.50
-105.90,44.97,22.31
-105.60,14.99,7.53
-105.00,29.98,15.29
-104.10,44.97,22.32
-102.90,59.96,28.42
-98.70,104.94,40.85
-95.70,149.91,46.63
-92.70,149.91,46.63
-89.70,149.91,46.63
-87.00,134.92,45.23
-83.70,164.90,47.68
-80.10,179.89,48.45
-75.90,209.87,49.43
-71.10,239.85,49.94
-66.00,254.85,50.10
-60.60,269.84,50.22
-49.20,284.83,50.30
-42.90,314.81,50.40
-36.60,314.81,50.40
-30.30,314.81,50.40
-22.80,374.77,50.49
-15.30,374.77,50.49
-8.10,359.78,50.48
-0.90,359.78,50.48
6.90,389.76,50.50
13.50,329.80,50.44
20.10,329.80,50.44
26.70,329.80,50.44
32.70,299.82,50.36
38.10,269.84,50.22
43.80,284.83,50.30
54.00,254.85,50.11
58.50,224.86,49.75
62.70,209.87,49.45
66.30,179.89,48.51
69.30,149.91,46.74
72.60,164.90,47.76
75.30,134.92,45.38
77.70,119.93,43.55
79.80,104.94,41.14
82.20,119.93,43.55
84.30,104.94,41.14
86.70,119.93,43.56
88.50,89.95,38.01
89.70,59.96,29.04
90.30,29.98,16.12
90.90,29.98,16.13
90.90,0.00,0.33
90.90,0.00,0.33
90.60,-14.99,-7.80
90.60,0.00,0.33
89.40,-59.96,-28.65
88.20,-59.96,-28.66
86.70,-74.95,-33.73
84.60,-104.94,-41.05
82.80,-89.95,-37.83
81.00,-89.95,-37.84
79.50,-74.95,-33.75
78.00,-74.95,-33.76
75.60,-119.93,-43.54
70.50,-134.92,-45.42
67.20,-164.90,-47.86
63.60,-179.89,-48.63
59.70,-194.88,-49.19
55.50,-209.87,-49.60
51.30,-209.87,-49.60
46.50,-239.85,-50.12
36.00,-269.84,-50.39
29.70,-314.81,-50.57
23.40,-314.81,-50.57
17.40,-299.82,-50.53
11.40,-299.82,-50.53
5.40,-299.82,-50.53
-1.80,-359.78,-50.64
-16.20,-359.78,-50.64
-23.40,-359.78,-50.64
-30.60,-359.78,-50.64
-37.20,-329.80,-50.60
-44.40,-359.78,-50.64
-56.70,-299.82,-50.53
-62.10,-269.84,-50.39
-67.50,-269.84,-50.39
-72.60,-254.85,-50.28
-77.40,-239.85,-50.13
-85.80,-194.88,-49.23
-89.40,-179.89,-48.68
-92.40,-149.91,-46.93
-95.40,-149.91,-46.93
-97.20,-89.95,-38.21
-100.50,-74.95,-34.22
-101.70,-59.96,-29.26
-103.20,-74.95,-34.23
-104.70,-74.95,-34.23
-106.80,-104.94,-41.36
-109.20,-44.97,-23.32
-109.80,-29.98,-16.40
-109.50,14.99,7.52
-108.90,29.98,15.27
-108.00,44.97,22.31
-107.40,29.98,15.28
-106.80,29.98,15.28
-106.50,14.99,7.53
-105.90,29.98,15.28
-103.20,89.95,37.61
-101.40,89.95,37.61
-99.00,119.93,43.33
-96.90,104.94,40.85
-94.50,119.93,43.34
-91.80,134.92,45.22
-89.10,134.92,45.22
-85.80,164.90,47.68
-81.60,209.87,49.43
-77.40,209.87,49.43
-72.60,239.85,49.94
-62.40,269.84,50.22
-57.00,269.84,50.22
-50.70,314.81,50.40
-44.10,329.80,50.44
-37.80,314.81,50.40
-30.60,359.78,50.48
-24.00,329.80,50.44
-16.80,359.78,50.48
-9.00,389.76,50.50
-1.50,374.77,50.49
5.40,344.79,50.46
12.60,359.78,50.48
18.60,299.82,50.36
25.20,329.80,50.44
37.50,299.82,50.36
42.60,254.85,50.11
48.00,269.84,50.22
52.80,239.85,49.96
57.60,239.85,49.96
61.20,179.89,48.50
64.80,179.89,48.50
68.40,179.89,48.51
71.40,149.91,46.74
73.80,119.93,43.54
76.20,119.93,43.55
78.60,119.93,43.55
80.40,89.95,37.99
82.80,119.93,43.56
84.90,104.94,41.14
86.70,89.95,38.01
88.20,74.95,34.01
88.80,29.98,16.12
89.40,29.98,16.12
89.40,0.00,0.32
88.80,-29.98,-15.55
88.20,-29.98,-15.56
87.60,-29.98,-15.56
86.40,-59.96,-28.66
85.20,-59.96,-28.67
83.70,-74.95,-33.74
79.20,-119.93,-43.53
76.20,-149.91,-46.81
73.50,-134.92,-45.41
70.80,-134.92,-45.42
67.80,-149.91,-46.82
65.40,-119.93,-43.55
63.00,-119.93,-43.55
57.60,-149.91,-46.83
54.30,-164.90,-47.87
50.40,-194.88,-49.19
45.60,-239.85,-50.12
40.80,-239.85,-50.12
36.30,-224.86,-49.90
31.50,-239.85,-50.12
22.20,-224.86,-49.90
17.70,-224.86,-49.90
12.90,-239.85,-50.12
8.40,-224.86,-49.90
4.20,-209.87,-49.61
0.00,-209.87,-49.61
-4.20,-209.87,-49.61
-8.10,-194.88,-49.21
-15.60,-179.89,-48.66
-19.80,-209.87,-49.61
-24.00,-209.87,-49.62
-27.60,-179.89,-48.66
-30.30,-134.92,-45.51
-35.40,-119.93,-43.67
-37.80,-119.93,-43.68
-39.60,-89.95,-38.09
-40.80,-59.96,-29.07
-41.70,-44.97,-23.06
-42.30,-29.98,-16.11
-42.90,-14.99,-8.42
-43.20,-14.99,-8.42
-43.50,-14.99,-8.42
-43.80,-14.99,-8.42
-43.80,0.00,-0.31
-43.50,14.99,7.82
-43.50,0.00,-0.31
-42.90,29.98,15.55
-42.90,0.00,-0.30
-42.00,44.97,22.56
-41.10,44.97,22.56
-39.90,59.96,28.62
-38.40,74.95,33.68
-36.90,74.95,33.68
-35.70,59.96,28.64
-34.50,59.96,28.64
-33.00,74.95,33.69
-31.50,74.95,33.69
-29.70,89.95,37.76
-28.50,59.96,28.66
-26.70,89.95,37.77
-25.20,74.95,33.71
-23.10,104.94,40.97
-18.90,89.95,37.79
-17.10,89.95,37.79
-15.30,89.95,37.79
-13.50,89.95,37.80
-11.70,89.95,37.80
-10.20,74.95,33.75
-8.70,74.95,33.75
-7.50,59.96,28.73
-6.90,29.98,15.71
-6.00,44.97,22.69
-5.70,14.99,8.00
-6.00,-14.99,-8.25
-6.00,0.00,-0.13
-5.40,29.98,15.71
-5.40,0.00,-0.12
-5.10,14.99,8.00
-4.80,14.99,8.00
-4.80,14.99,8.00
-4.80,0.00,-0.12
-4.80,0.00,-0.12
-5.40,-29.98,-15.96
-5.70,-14.99,-8.25
-6.00,-14.99,-8.25
-6.00,0.00,-0.13
-6.60,-29.98,-15.96
-6.60,0.00,-0.13
-6.30,14.99,7.99
-6.30,0.00,-0.13
-6.30,0.00,-0.13
-6.30,0.00,-0.13
-6.60,-14.99,-8.25
-7.20,-29.98,-15.96
-8.10,-44.97,-22.94
-8.70,-29.98,-15.97
-9.60,-44.97,-22.94
-10.50,-14.99,-8.27
-11.10,-29.98,-15.98
-11.10,0.00,-0.15
-10.50,29.98,15.69
-10.50,0.00,-0.15
-10.80,-14.99,-8.27
-11.70,-44.97,-22.95
-12.30,-29.98,-15.99
-12.90,-29.98,-15.99
-13.80,-44.97,-22.96
-14.40,0.00,-0.17
-15.00,-29.98,-16.00
-15.00,0.00,-0.17
-14.70,14.99,7.96
-14.40,14.99,7.96
-14.40,0.00,-0.17
-15.00,-29.98,-16.00
-15.00,0.00,-0.17
-15.60,-29.98,-16.00
-16.20,-29.98,-16.00
-16.80,-29.98,-16.00
-16.80,0.00,-0.18
-16.50,14.99,7.95
-15.90,29.98,15.67
-15.00,44.97,22.66
-13.80,59.96,28.71
-12.90,44.97,22.67
-11.70,59.96,28.71
-11.10,29.98,15.69
-10.50,29.98,15.69
-9.90,0.00,-0.15
-9.90,0.00,-0.15
-9.30,29.98,15.70
-9.30,0.00,-0.14
-8.70,29.98,15.70
-8.10,29.98,15.70
-6.90,59.96,28.73
-5.70,59.96,28.73
-5.10,29.98,15.72
-4.20,44.97,22.70
-3.30,44.97,22.70
-3.00,14.99,8.01
-2.70,14.99,8.01
-2.10,29.98,15.73
-1.80,14.99,8.01
-1.20,29.98,15.73
-0.60,29.98,15.74
0.00,29.98,15.74
0.60,29.98,15.74
0.90,14.99,8.03
1.20,14.99,8.03
1.20,0.00,-0.09
1.50,14.99,8.03
1.50,14.99,8.03
1.50,0.00,-0.09
1.50,0.00,-0.09
1.50,0.00,-0.09
1.80,14.99,8.03
1.80,0.00,-0.09
1.50,-14.99,-8.21
1.20,-14.99,-8.21
0.90,-14.99,-8.22
0.60,-14.99,-8.22
0.30,-14.99,-8.22
0.00,-14.99,-8.22
-0.60,-29.98,-15.94
-0.90,-14.99,-8.22
-1.50,-29.98,-15.94
-2.10,-29.98,-15.94
-3.00,-44.97,-22.92
-3.60,-29.98,-15.95
-4.20,-29.98,-15.95
-4.80,-29.98,-15.95
-5.40,-29.98,-15.96
-6.00,-29.98,-15.96
-7.50,-44.97,-22.94
-8.40,-44.97,-22.94
-9.00,-29.98,-15.97
-9.60,-29.98,-15.97
-10.20,-29.98,-15.98
-10.80,-29.98,-15.98
-11.70,-44.97,-22.95
-12.30,-29.98,-15.99
-13.50,-29.98,-15.99
-14.10,-29.98,-15.99
-14.40,-14.99,-8.29
-15.00,-29.98,-16.00
-15.60,-29.98,-16.00
-15.60,0.00,-0.17
-16.20,-29.98,-16.00
-16.50,-14.99,-8.30
-16.80,-14.99,-8.30
-17.10,-14.99,-8.30
-17.10,0.00,-0.18
-17.10,0.00,-0.18
-17.10,0.00,-0.18
-17.10,0.00,-0.18
-16.80,14.99,7.95
-16.50,14.99,7.95
-16.50,0.00,-0.18
-15.90,29.98,15.67
-15.90,0.00,-0.17
-15.30,29.98,15.67
-14.70,29.98,15.67
-14.40,14.99,7.96
-14.10,14.99,7.96
-13.50,29.98,15.68
-12.90,29.98,15.68
-12.30,29.98,15.69
-11.70,29.98,15.69
-10.80,44.97,22.67
-10.20,29.98,15.69
-9.30,44.97,22.68
-8.70,29.98,15.70
-8.10,29.98,15.70
-7.50,29.98,15.71
-6.60,44.97,22.69
-6.00,29.98,15.71
-5.10,44.97,22.70
-4.50,29.98,15.72
-3.90,29.98,15.72
-3.30,29.98,15.72
-2.70,29.98,15.73
-2.10,29.98,15.73
-1.50,29.98,15.73
-1.20,14.99,8.02
-0.90,14.99,8.02
-0.30,29.98,15.74
0.00,14.99,8.02
0.30,14.99,8.02
0.30,14.99,8.02
0.60,14.99,8.03
0.90,14.99,8.03
0.90,0.00,-0.09
1.20,14.99,8.03
1.20,0.00,-0.09
1.20,0.00,-0.09
1.20,0.00,-0.09
1.20,0.00,-0.09
1.20,0.00,-0.09
0.90,-14.99,-8.22
0.60,-14.99,-8.22
0.60,0.00,-0.10
0.00,-29.98,-15.93
0.00,0.00,-0.10
-0.60,-29.98,-15.94
-1.20,-29.98,-15.94
-1.50,-14.99,-8.23
-1.80,-14.99,-8.23
-2.40,-29.98,-15.94
-3.00,-29.98,-15.95
-4.20,-29.98,-15.95
-5.10,-44.97,-22.93
-5.70,-29.98,-15.96
-6.30,-29.98,-15.96
-7.20,-44.97,-22.93
-7.80,-29.98,-15.97
-8.40,-29.98,-15.97
-9.00,-29.98,-15.97
-9.60,-29.98,-15.97
-10.50,-44.97,-22.95
-11.70,-29.98,-15.98
-12.60,-44.97,-22.95
-12.90,-14.99,-8.28
-13.50,-29.98,-15.99
-14.10,-29.98,-15.99
-14.40,-14.99,-8.29
-15.00,-29.98,-16.00
-15.60,-29.98,-16.00
-16.20,-29.98,-16.00
-16.20,0.00,-0.18
-16.50,-14.99,-8.30
-16.80,-14.99,-8.30
-16.80,0.00,-0.18
-16.80,0.00,-0.18
-16.80,0.00,-0.18
-16.50,14.99,7.95
-16.50,0.00,-0.18
-16.20,14.99,7.95
-16.20,0.00,-0.18
-15.90,14.99,7.95
-15.60,14.99,7.95
-15.30,14.99,7.95
-15.00,14.99,7.95
-14.40,29.98,15.68
-13.80,29.98,15.68
-13.20,29.98,15.68
-12.60,29.98,15.68
-12.00,29.98,15.69
-11.70,14.99,7.97
-11.10,29.98,15.69
-10.20,44.97,22.68
-9.60,29.98,15.70
-9.00,29.98,15.70
-8.40,29.98,15.70
-7.50,44.97,22.69
-6.90,29.98,15.71
-6.30,29.98,15.71
-5.70,29.98,15.71
-4.80,44.97,22.70
-4.20,29.98,15.72
-3.60,29.98,15.72
-3.00,29.98,15.73
-2.40,29.98,15.73
-2.10,14.99,8.01
-1.80,14.99,8.01
-1.20,29.98,15.73
-0.60,29.98,15.74
-0.30,14.99,8.02
0.00,14.99,8.02
0.30,14.99,8.02
0.60,14.99,8.03
0.60,14.99,8.03
0.60,0.00,-0.10
0.90,14.99,8.03
0.90,0.00,-0.09
1.20,14.99,8.03
1.20,0.00,-0.09
1.20,0.00,-0.09
1.20,0.00,-0.09
0.90,-14.99,-8.22
0.90,-14.99,-8.22
0.60,-14.99,-8.22
0.60,0.00,-0.10
0.00,-29.98,-15.93
0.00,0.00,-0.10
-0.60,-29.98,-15.94
-1.20,-29.98,-15.94
-1.50,-14.99,-8.23
-2.40,-29.98,-15.94
-3.00,-29.98,-15.95
-3.60,-29.98,-15.95
-4.20,-29.98,-15.95
-4.80,-29.98,-15.95
-5.40,-29.98,-15.96
-6.00,-29.98,-15.96
-6.60,-29.98,-15.96
-7.50,-44.97,-22.94
-8.10,-29.98,-15.97
-8.70,-29.98,-15.97
-9.90,-29.98,-15.98
-10.80,-44.97,-22.95
-11.10,-14.99,-8.27
-11.70,-29.98,-15.98
-12.30,-29.98,-15.99
-12.60,-14.99,-8.28
-13.20,-29.98,-15.99
-13.80,-29.98,-15.99
-14.40,-29.98,-15.99
-14.70,-14.99,-8.29
-15.00,-14.99,-8.29
-15.00,0.00,-0.17
-15.30,-14.99,-8.29
-15.30,0.00,-0.17
-15.60,-14.99,-8.29
-15.60,0.00,-0.17
-15.60,0.00,-0.17
-15.60,0.00,-0.17
-15.60,0.00,-0.17
-15.30,14.99,7.95
-15.00,14.99,7.95
-15.00,0.00,-0.17
-14.40,29.98,15.68
-14.10,14.99,7.96
-13.80,14.99,7.96
-13.20,29.98,15.68
-12.90,14.99,7.96
-12.30,29.98,15.69
-12.00,14.99,7.97
-11.40,29.98,15.69
-10.80,29.98,15.69
-10.20,29.98,15.69
-9.60,29.98,15.70
-9.00,29.98,15.70
-8.40,29.98,15.70
-7.80,29.98,15.70
-7.20,29.98,15.71
-6.60,29.98,15.71
-6.00,29.98,15.71
-5.40,29.98,15.71
-4.80,29.98,15.72
-4.20,29.98,15.72
-3.60,29.98,15.72
-3.00,29.98,15.73
-2.40,29.98,15.73
-2.10,14.99,8.01
-1.80,14.99,8.01
-1.20,29.98,15.73
-1.20,0.00,-0.10
-0.60,29.98,15.74
-0.60,0.00,-0.10
0.00,29.98,15.74
0.00,0.00,-0.10
0.00,0.00,-0.10
0.00,0.00,-0.10
0.00,0.00,-0.10
0.30,14.99,8.02
0.30,0.00,-0.10
0.30,0.00,-0.10
0.00,-14.99,-8.22
-0.30,-14.99,-8.22
-0.30,0.00,-0.10
-0.60,-14.99,-8.22
-0.90,-14.99,-8.22
-1.20,-14.99,-8.23
-1.50,-14.99,-8.23
-2.10,-29.98,-15.94
-2.40,-14.99,-8.23
-2.70,-14.99,-8.23
-3.30,-29.98,-15.95
-3.90,-29.98,-15.95
-4.50,-29.98,-15.95
-5.70,-29.98,-15.96
-6.30,-29.98,-15.96
-6.90,-29.98,-15.96
-7.50,-29.98,-15.97
-7.80,-14.99,-8.26
-8.40,-29.98,-15.97
-9.00,-29.98,-15.97
-9.60,-29.98,-15.97
-9.90,-14.99,-8.27
-10.50,-29.98,-15.98
-11.10,-29.98,-15.98
-12.30,-29.98,-15.99
-12.30,0.00,-0.16
-12.90,-29.98,-15.99
-13.50,-29.98,-15.99
-13.50,0.00,-0.16
-14.10,-29.98,-15.99
-14.10,0.00,-0.17
-14.40,-14.99,-8.29
-14.70,-14.99,-8.29
-14.70,0.00,-0.17
-15.00,-14.99,-8.29
-15.00,0.00,-0.17
-15.00,0.00,-0.17
-15.00,0.00,-0.17
-15.00,0.00,-0.17
-15.00,0.00,-0.17
-14.70,14.99,7.96
-14.40,14.99,7.96
-14.40,0.00,-0.17
-14.10,14.99,7.96
-13.80,14.99,7.96
-13.20,29.98,15.68
-13.20,0.00,-0.16
-12.60,29.98,15.68
-12.00,29.98,15.69
-11.70,14.99,7.97
-11.40,14.99,7.97
-10.80,29.98,15.69
-10.20,29.98,15.69
-9.60,29.98,15.70
-9.00,29.98,15.70
-8.40,29.98,15.70
-7.80,29.98,15.70
-7.50,14.99,7.99
-6.90,29.98,15.71
-6.30,29.98,15.71
-6.00,14.99,8.00
-5.40,29.98,15.71
-4.80,29.98,15.72
-4.20,29.98,15.72
-3.60,29.98,15.72
-3.30,14.99,8.01
-3.00,14.99,8.01
-2.40,29.98,15.73
-2.40,0.00,-0.11
-1.80,29.98,15.73
-1.50,14.99,8.02
-1.20,14.99,8.02
-1.20,0.00,-0.10
-0.90,14.99,8.02
-0.60,14.99,8.02
-0.60,0.00,-0.10
-0.60,0.00,-0.10
-0.60,0.00,-0.10
-0.60,0.00,-0.10
-0.60,0.00,-0.10
-0.90,-14.99,-8.22
-0.90,0.00,-0.10
-0.90,0.00,-0.10
-1.20,-14.99,-8.23
-1.50,-14.99,-8.23
-1.50,0.00,-0.11
-2.10,-29.98,-15.94
-2.10,0.00,-0.11
-2.70,-29.98,-15.94
-3.00,-14.99,-8.23
-3.90,-29.98,-15.95
-4.50,-29.98,-15.95
-4.80,-14.99,-8.24
-5.10,-14.99,-8.24
-5.70,-29.98,-15.96
-6.30,-29.98,-15.96