0.30,0.00,-0.10
0.30,0.00,-0.10
0.30,0.00,-0.10
0.30,0.00,-0.10
0.30,0.00,-0.10
0.30,0.00,-0.10
0.30,0.00,-0.10
0.30,0.00,-0.10
0.30,0.00,-0.10
0.30,0.00,-0.10
0.30,0.00,-0.10
0.30,0.00,-0.10
0.30,0.00,-0.10
0.30,0.00,-0.10
0.30,0.00,-0.10
0.30,0.00,-0.10
0.30,0.00,-0.10
0.30,0.00,-0.10
0.30,0.00,-0.10
0.30,0.00,-0.10
0.30,0.00,-0.10
0.30,0.00,-0.10
0.30,0.00,-0.10
0.30,0.00,-0.10
0.30,0.00,-0.10
0.30,0.00,-0.10
0.30,0.00,-0.10
0.30,0.00,-0.10
0.30,0.00,-0.10
0.30,0.00,-0.10
0.30,0.00,-0.10
0.30,0.00,-0.10
0.30,0.00,-0.10
0.30,0.00,-0.10
0.30,0.00,-0.10
0.30,0.00,-0.10
0.30,0.00,-0.10
0.30,0.00,-0.10
0.30,0.00,-0.10
0.30,0.00,-0.10
0.30,0.00,-0.10
0.30,0.00,-0.10
0.30,0.00,-0.10
0.30,0.00,-0.10
0.30,0.00,-0.10
0.30,0.00,-0.10
0.30,0.00,-0.10
0.30,0.00,-0.10
0.30,0.00,-0.10
0.30,0.00,-0.10
0.30,0.00,-0.10
0.30,0.00,-0.10
0.30,0.00,-0.10
0.30,0.00,-0.10
0.30,0.00,-0.10
0.30,0.00,-0.10
0.30,0.00,-0.10
0.30,0.00,-0.10
0.30,0.00,-0.10
0.30,0.00,-0.10
0.30,0.00,-0.10
0.30,0.00,-0.10
0.30,0.00,-0.10
0.30,0.00,-0.10
0.30,0.00,-0.10
0.30,0.00,-0.10
0.30,0.00,-0.10
0.30,0.00,-0.10
0.30,0.00,-0.10
0.30,0.00,-0.10
0.30,0.00,-0.10
0.30,0.00,-0.10
0.30,0.00,-0.10
0.30,0.00,-0.10
0.30,0.00,-0.10
0.30,0.00,-0.10
0.30,0.00,-0.10
0.30,0.00,-0.10
0.30,0.00,-0.10
0.30,0.00,-0.10
0.30,0.00,-0.10
0.30,0.00,-0.10
0.30,0.00,-0.10
0.30,0.00,-0.10
0.30,0.00,-0.10
0.30,0.00,-0.10
0.30,0.00,-0.10
0.30,0.00,-0.10
0.30,0.00,-0.10
0.30,0.00,-0.10
0.30,0.00,-0.10
0.30,0.00,-0.10
0.30,0.00,-0.10
0.30,0.00,-0.10
0.30,0.00,-0.10
0.30,0.00,-0.10
0.30,0.00,-0.10
0.30,0.00,-0.10
0.30,0.00,-0.10
0.30,0.00,-0.10
0.30,0.00,-0.10
0.30,0.00,-0.10
0.30,0.00,-0.10
0.30,0.00,-0.10
0.30,0.00,-0.10
0.30,0.00,-0.10
0.30,0.00,-0.10
0.30,0.00,-0.10
0.30,0.00,-0.10
0.30,0.00,-0.10
0.30,0.00,-0.10
0.30,0.00,-0.10
0.30,0.00,-0.10
0.30,0.00,-0.10
0.30,0.00,-0.10
0.30,0.00,-0.10
0.30,0.00,-0.10
0.30,0.00,-0.10
0.30,0.00,-0.10
0.30,0.00,-0.10
0.30,0.00,-0.10
0.30,0.00,-0.10
0.30,0.00,-0.10
0.30,0.00,-0.10
0.30,0.00,-0.10
0.30,0.00,-0.10
0.30,0.00,-0.10
0.30,0.00,-0.10
0.30,0.00,-0.10
0.30,0.00,-0.10
0.30,0.00,-0.10
0.30,0.00,-0.10
0.30,0.00,-0.10
0.30,0.00,-0.10
0.30,0.00,-0.10
0.30,0.00,-0.10
0.30,0.00,-0.10
0.30,0.00,-0.10
0.30,0.00,-0.10
0.30,0.00,-0.10
0.30,0.00,-0.10
0.30,0.00,-0.10
0.30,0.00,-0.10
0.30,0.00,-0.10
0.30,0.00,-0.10
0.30,0.00,-0.10
0.30,0.00,-0.10
0.30,0.00,-0.10
0.30,0.00,-0.10
0.30,0.00,-0.10
0.30,0.00,-0.10
0.30,0.00,-0.10
0.30,0.00,-0.10
0.30,0.00,-0.10
0.30,0.00,-0.10
0.30,0.00,-0.10
0.30,0.00,-0.10
0.30,0.00,-0.10
0.30,0.00,-0.10
0.30,0.00,-0.10
0.30,0.00,-0.10
0.30,0.00,-0.10
0.30,0.00,-0.10
0.30,0.00,-0.10
0.30,0.00,-0.10
0.30,0.00,-0.10
0.30,0.00,-0.10
0.30,0.00,-0.10
0.30,0.00,-0.10
0.30,0.00,-0.10
0.30,0.00,-0.10
0.30,0.00,-0.10
0.30,0.00,-0.10
0.30,0.00,-0.10
0.30,0.00,-0.10
0.30,0.00,-0.10
0.30,0.00,-0.10
0.30,0.00,-0.10
0.30,0.00,-0.10
0.30,0.00,-0.10
0.30,0.00,-0.10
0.30,0.00,-0.10
0.30,0.00,-0.10
0.30,0.00,-0.10
0.30,0.00,-0.10
0.30,0.00,-0.10
0.30,0.00,-0.10
0.30,0.00,-0.10
0.30,0.00,-0.10
0.30,0.00,-0.10
0.30,0.00,-0.10
0.30,0.00,-0.10
0.30,0.00,-0.10
0.30,0.00,-0.10
0.30,0.00,-0.10
0.30,0.00,-0.10
0.30,0.00,-0.10
0.30,0.00,-0.10
0.30,0.00,-0.10
0.30,0.00,-0.10
0.30,0.00,-0.10
0.30,0.00,-0.10
0.30,0.00,-0.10
0.30,0.00,-0.10
0.30,0.00,-0.10
0.30,0.00,-0.10
0.30,0.00,-0.10
0.30,0.00,-0.10
0.30,0.00,-0.10
0.30,0.00,-0.10
0.30,0.00,-0.10
0.30,0.00,-0.10
0.30,0.00,-0.10
0.30,0.00,-0.10
0.30,0.00,-0.10
0.30,0.00,-0.10
0.30,0.00,-0.10
0.30,0.00,-0.10
0.30,0.00,-0.10
0.30,0.00,-0.10
0.30,0.00,-0.10
0.30,0.00,-0.10
0.30,0.00,-0.10
0.30,0.00,-0.10
0.30,0.00,-0.10
0.30,0.00,-0.10
0.30,0.00,-0.10
0.60,14.99,8.03
0.90,14.99,8.03
0.90,0.00,-0.09
0.90,0.00,-0.09
0.90,0.00,-0.09
0.90,0.00,-0.09
0.90,0.00,-0.09
0.90,0.00,-0.09
0.90,0.00,-0.09
0.90,0.00,-0.09
1.20,14.99,8.03
1.50,14.99,8.03
1.50,0.00,-0.09
1.50,0.00,-0.09
1.50,0.00,-0.09
1.80,14.99,8.03
2.10,14.99,8.03
2.10,14.99,8.03
2.10,0.00,-0.09
2.70,29.98,15.75
2.70,0.00,-0.09
3.30,29.98,15.75
3.60,14.99,8.04
3.90,14.99,8.04
4.50,29.98,15.76
4.80,14.99,8.05
4.80,14.99,8.05
5.40,29.98,15.76
5.70,14.99,8.05
6.30,29.98,15.76
6.90,29.98,15.77
7.50,29.98,15.77
8.40,44.97,22.75
9.30,44.97,22.75
9.90,29.98,15.78
10.50,29.98,15.78
11.40,44.97,22.76
12.30,44.97,22.76
12.90,29.98,15.79
13.50,29.98,15.80
14.70,59.96,28.80
15.30,29.98,15.80
15.90,29.98,15.81
16.80,44.97,22.78
17.70,44.97,22.78
18.30,29.98,15.82
19.20,44.97,22.79
20.10,44.97,22.79
21.00,44.97,22.79
21.90,44.97,22.80
22.50,29.98,15.83
23.10,29.98,15.84
24.00,44.97,22.81
24.60,29.98,15.84
25.50,44.97,22.81
26.10,29.98,15.85
26.70,29.98,15.85
27.60,44.97,22.82
28.50,44.97,22.82
29.10,29.98,15.86
29.70,29.98,15.86
30.30,29.98,15.87
30.90,29.98,15.87
31.50,29.98,15.87
32.10,29.98,15.87
32.70,29.98,15.88
33.30,29.98,15.88
33.90,29.98,15.88
34.50,29.98,15.89
35.40,44.97,22.85
35.40,44.97,22.85
36.00,29.98,15.89
36.60,29.98,15.89
37.20,29.98,15.90
37.80,29.98,15.90
38.40,29.98,15.90
39.30,44.97,22.86
39.90,29.98,15.91
40.20,14.99,8.21
40.80,29.98,15.91
41.40,29.98,15.91
42.00,29.98,15.92
42.30,14.99,8.22
42.90,29.98,15.92
43.50,29.98,15.92
43.80,14.99,8.22
44.10,14.99,8.23
44.70,29.98,15.93
45.00,14.99,8.23
45.30,14.99,8.23
45.90,29.98,15.93
46.20,14.99,8.24
46.50,14.99,8.24
47.10,29.98,15.94
47.40,14.99,8.24
48.00,29.98,15.94
48.30,14.99,8.25
48.90,29.98,15.95
49.50,29.98,15.95
50.10,29.98,15.95
50.40,14.99,8.26
50.70,14.99,8.26
51.30,29.98,15.96
51.30,0.00,0.14
51.30,0.00,0.14
51.90,29.98,15.96
51.90,0.00,0.15
51.90,0.00,0.15
52.20,14.99,8.26
52.50,14.99,8.27
52.50,0.00,0.15
52.50,0.00,0.15
52.50,0.00,0.15
52.50,0.00,0.15
52.20,-14.99,-7.98
52.20,0.00,0.15
52.20,0.00,0.15
52.20,0.00,0.15
52.20,0.00,0.15
52.20,0.00,0.15
52.20,0.00,0.15
52.20,0.00,0.15
52.20,0.00,0.15
52.20,0.00,0.15
52.20,0.00,0.15
52.20,0.00,0.15
52.50,14.99,8.27
52.50,0.00,0.15
52.50,0.00,0.15
52.50,0.00,0.15
52.50,0.00,0.15
52.80,14.99,8.27
53.10,14.99,8.27
53.10,0.00,0.15
53.10,0.00,0.15
53.10,0.00,0.15
53.40,14.99,8.27
53.70,14.99,8.27
53.70,0.00,0.16
53.70,0.00,0.16
54.00,14.99,8.27
54.30,14.99,8.27
54.30,0.00,0.16
54.60,14.99,8.27
54.90,14.99,8.28
54.90,0.00,0.16
54.90,0.00,0.16
55.50,29.98,15.97
55.50,0.00,0.16
56.10,29.98,15.98
56.40,14.99,8.28
56.70,14.99,8.28
57.00,14.99,8.29
57.30,14.99,8.29
57.90,29.98,15.98
57.90,0.00,0.18
58.50,29.98,15.99
58.50,0.00,0.18
58.80,14.99,8.29
59.10,14.99,8.30
59.10,0.00,0.18
59.10,0.00,0.18
59.40,14.99,8.30
59.70,14.99,8.30
59.70,0.00,0.18
59.70,0.00,0.18
60.00,14.99,8.30
60.30,14.99,8.30
60.30,0.00,0.19
60.30,0.00,0.19
60.30,0.00,0.19
60.60,14.99,8.30
60.60,14.99,8.30
60.90,14.99,8.30
60.90,0.00,0.19
60.90,0.00,0.19
60.90,0.00,0.19
61.20,14.99,8.31
61.50,14.99,8.31
61.50,0.00,0.19
61.50,0.00,0.19
61.50,0.00,0.19
61.50,0.00,0.19
61.50,0.00,0.19
61.50,0.00,0.19
61.50,0.00,0.19
61.20,-14.99,-7.94
61.20,0.00,0.19
60.90,-14.99,-7.94
60.90,0.00,0.19
60.90,0.00,0.19
60.90,0.00,0.19
60.90,0.00,0.19
60.90,0.00,0.19
60.90,0.00,0.19
60.60,-14.99,-7.94
60.60,0.00,0.19
60.30,-14.99,-7.94
60.30,0.00,0.19
60.00,-14.99,-7.94
59.70,-14.99,-7.94
59.70,0.00,0.18
59.10,-29.98,-15.68
59.10,0.00,0.18
58.50,-29.98,-15.68
57.90,-29.98,-15.69
57.30,-29.98,-15.69
56.10,-59.96,-28.76
53.70,-59.96,-28.77
51.90,-89.95,-37.90
50.10,-89.95,-37.90
48.30,-89.95,-37.91
46.50,-89.95,-37.91
44.10,-119.93,-43.58
41.70,-119.93,-43.58
38.70,-149.91,-46.84
35.10,-179.89,-48.64
28.50,-179.89,-48.64
25.20,-164.90,-47.88
21.90,-164.90,-47.88
18.30,-179.89,-48.64
14.70,-179.89,-48.65
10.80,-194.88,-49.20
6.90,-194.88,-49.20
-0.30,-179.89,-48.65
-3.90,-179.89,-48.65
-7.50,-179.89,-48.65
-10.50,-149.91,-46.87
-12.60,-104.94,-41.21
-14.10,-74.95,-34.00
-16.50,-59.96,-28.99
-17.70,-59.96,-29.00
-18.90,-59.96,-29.00
-19.50,-29.98,-16.02
-20.40,-44.97,-22.98
-21.30,-44.97,-22.99
-21.90,-29.98,-16.03
-24.00,-44.97,-23.00
-25.20,-59.96,-29.02
-26.40,-59.96,-29.02
-27.60,-59.96,-29.03
-28.50,-44.97,-23.01
-29.10,-29.98,-16.06
-28.20,44.97,22.61
-26.40,89.95,37.77
-22.20,119.93,43.43
-21.00,59.96,28.68
-20.40,29.98,15.65
-20.40,0.00,-0.20
-20.10,14.99,7.93
-19.80,14.99,7.93
-18.90,44.97,22.64
-17.10,89.95,37.79
-15.00,104.94,40.98
-12.90,104.94,40.99
-11.10,89.95,37.80
-10.50,29.98,15.69
-9.90,29.98,15.70
-9.30,29.98,15.70
-8.10,59.96,28.73
-6.90,59.96,28.73
-4.20,134.92,45.30
-0.90,164.90,47.72
3.30,209.87,49.44
6.90,179.89,48.48
9.30,119.93,43.47
10.20,44.97,22.75
11.10,44.97,22.76
11.70,29.98,15.79
12.90,59.96,28.79
14.70,89.95,37.86
17.70,149.91,46.71
20.70,149.91,46.71
23.70,149.91,46.71
26.40,134.92,45.33
27.30,44.97,22.82
27.00,-14.99,-8.10
26.70,-14.99,-8.10
26.10,-29.98,-15.82
25.80,-14.99,-8.10
26.40,29.98,15.85
28.20,89.95,37.89
30.00,89.95,37.89
31.20,59.96,28.85
32.40,59.96,28.86
32.40,0.00,0.05
30.60,-89.95,-37.94
28.80,-89.95,-37.95
26.40,-119.93,-43.60
22.20,-89.95,-37.96
21.60,-29.98,-15.84
21.60,0.00,0.00
21.60,0.00,0.00
21.60,0.00,0.00
21.00,-29.98,-15.84
20.10,-44.97,-22.83
15.90,-119.93,-43.61
13.20,-134.92,-45.47
10.50,-134.92,-45.47
8.40,-104.94,-41.17
7.20,-59.96,-28.92
6.60,-29.98,-15.90
5.40,-59.96,-28.92
3.90,-74.95,-33.95
2.10,-89.95,-38.00
0.00,-104.94,-41.19
-2.40,-119.93,-43.63
-8.40,-149.91,-46.87
-10.50,-104.94,-41.20
-12.00,-74.95,-33.99
-12.60,-29.98,-15.99
-13.20,-29.98,-15.99
-14.40,-59.96,-28.99
-15.60,-59.96,-28.99
-19.20,-104.94,-41.22
-21.60,-119.93,-43.66
-24.00,-119.93,-43.66
-26.10,-104.94,-41.23
-27.00,-44.97,-23.01
-25.80,44.97,22.62
-24.60,59.96,28.67
-23.70,44.97,22.63
-23.40,14.99,7.91
-24.00,-29.98,-16.04
-24.60,-29.98,-16.04
-25.20,-29.98,-16.04
-25.20,0.00,-0.22
-25.20,0.00,-0.22
-24.30,44.97,22.62
-23.10,59.96,28.68
-21.90,59.96,28.68
-20.70,59.96,28.69
-19.50,59.96,28.69
-19.20,14.99,7.93
-18.90,14.99,7.94
-18.30,29.98,15.66
-18.00,14.99,7.94
-17.10,44.97,22.65
-14.70,119.93,43.44
-11.70,149.91,46.69
-5.10,149.91,46.69
-2.10,149.91,46.69
0.30,119.93,43.45
1.50,59.96,28.76
2.70,59.96,28.76
3.90,59.96,28.76
3.90,59.96,28.76
5.70,89.95,37.84
7.50,89.95,37.84
10.20,134.92,45.32
13.50,164.90,47.73
17.10,179.89,48.49
20.40,164.90,47.73
22.50,104.94,41.04
24.30,89.95,37.88
26.40,104.94,41.05
32.10,149.91,46.72
35.10,149.91,46.72
37.20,104.94,41.07
39.30,104.94,41.07
41.70,119.93,43.51
43.80,104.94,41.08
45.90,104.94,41.08
47.70,89.95,37.93
49.50,89.95,37.93
51.00,74.95,33.91
52.50,74.95,33.91
53.70,59.96,28.92
54.30,29.98,15.97
55.20,44.97,22.92
55.50,14.99,8.28
55.50,0.00,0.16
55.20,-14.99,-7.97
54.60,-29.98,-15.70
54.60,0.00,0.16
55.20,29.98,15.97
55.80,29.98,15.98
55.50,-14.99,-7.96
54.90,-29.98,-15.70
53.40,-74.95,-33.82
51.30,-104.94,-41.10
48.30,-149.91,-46.83
45.30,-149.91,-46.84
42.30,-149.91,-46.84
39.90,-119.93,-43.58
36.00,-104.94,-41.13
33.30,-134.92,-45.45
30.30,-149.91,-46.85
26.70,-179.89,-48.64
22.50,-209.87,-49.61
18.30,-209.87,-49.61
14.70,-179.89,-48.65
8.10,-164.90,-47.89
4.80,-164.90,-47.89
0.60,-209.87,-49.61
-3.90,-224.86,-49.91
-8.10,-209.87,-49.61
-11.10,-149.91,-46.87
-15.00,-194.88,-49.21
-18.60,-179.89,-48.66
-26.10,-179.89,-48.66
-29.70,-179.89,-48.66
-33.00,-164.90,-47.91
-36.00,-149.91,-46.89
-38.70,-134.92,-45.52
-42.30,-89.95,-38.10
-43.50,-59.96,-29.08
-45.30,-89.95,-38.10
-46.20,-44.97,-23.08
-47.10,-44.97,-23.08
-47.70,-29.98,-16.14
-48.90,-14.99,-8.45
-49.50,-29.98,-16.14
-49.50,0.00,-0.33
-49.20,14.99,7.80
-48.90,14.99,7.80
-48.00,44.97,22.53
-47.40,29.98,15.53
-46.20,59.96,28.60
-45.30,44.97,22.54
-44.10,59.96,28.61
-42.60,74.95,33.66
-40.80,89.95,37.74
-39.00,89.95,37.75
-36.60,119.93,43.41
-33.60,149.91,46.67
-30.60,149.91,46.67
-27.60,149.91,46.68
-24.60,149.91,46.68
-17.40,179.89,48.47
-13.80,179.89,48.48
-9.60,209.87,49.44
-5.40,209.87,49.44
-1.20,209.87,49.44
3.00,209.87,49.44
6.60,179.89,48.48
11.40,239.85,49.95
15.90,224.86,49.74
20.40,224.86,49.74
24.90,224.86,49.74
29.10,209.87,49.45
33.00,194.88,49.04
36.60,179.89,48.49
39.60,149.91,46.72
42.60,149.91,46.72
45.00,119.93,43.51
47.40,119.93,43.51
49.80,119.93,43.52
51.60,89.95,37.93
53.40,89.95,37.94
54.60,59.96,28.93
55.80,59.96,28.93
56.40,29.98,15.98
57.00,29.98,15.98
57.60,29.98,15.98
58.50,44.97,22.94
59.40,44.97,22.94
60.00,29.98,15.99
60.00,0.00,0.19
59.70,-14.99,-7.94
59.40,-14.99,-7.95
58.50,-44.97,-22.69
56.40,-104.94,-41.09
54.30,-104.94,-41.10
49.20,-119.93,-43.57
46.80,-119.93,-43.57
45.00,-89.95,-37.91
43.20,-89.95,-37.92
40.80,-119.93,-43.58
37.80,-149.91,-46.84
34.20,-179.89,-48.64
25.80,-209.87,-49.61
22.20,-179.89,-48.64
18.60,-179.89,-48.64
14.70,-194.88,-49.20
10.50,-209.87,-49.61
6.00,-224.86,-49.90
1.20,-239.85,-50.12
-3.60,-239.85,-50.12
-12.60,-224.86,-49.91
-16.80,-209.87,-49.61
-21.00,-209.87,-49.61
-24.60,-179.89,-48.66
-28.80,-209.87,-49.62
-36.90,-194.88,-49.22
-40.20,-164.90,-47.91
-43.50,-164.90,-47.92
-46.20,-134.92,-45.52
-48.60,-119.93,-43.69
-52.80,-89.95,-38.12
-54.60,-89.95,-38.12
-55.80,-59.96,-29.12
-57.00,-59.96,-29.12
-57.60,-29.98,-16.18
-58.80,-59.96,-29.13
-59.40,-29.98,-16.19
-61.20,-29.98,-16.19
-61.20,0.00,-0.39
-60.90,14.99,7.74
-60.30,29.98,15.48
-59.10,59.96,28.56
-57.90,59.96,28.57
-56.70,59.96,28.57
-55.50,59.96,28.57
-54.30,59.96,28.58
-52.80,74.95,33.64
-51.00,89.95,37.72
-48.60,119.93,43.39
-45.90,134.92,45.27
-42.60,164.90,47.70
-39.30,164.90,47.70
-35.70,179.89,48.47
-28.50,194.88,49.03
-24.30,209.87,49.44
-19.80,224.86,49.73
-15.30,224.86,49.73
-10.20,254.85,50.11
-5.10,254.85,50.11
-0.30,239.85,49.95
5.10,269.84,50.22
10.50,269.84,50.22
15.90,269.84,50.22
21.30,269.84,50.22
26.10,239.85,49.95
30.90,239.85,49.96
35.40,224.86,49.74
39.60,209.87,49.45
43.50,194.88,49.05
47.10,179.89,48.50
50.10,149.91,46.73
55.50,119.93,43.52
57.90,119.93,43.53
60.30,119.93,43.53
62.10,89.95,37.96
63.30,59.96,28.95
64.50,59.96,28.96
65.70,59.96,28.96
66.90,59.96,28.97
68.10,59.96,28.97
69.30,59.96,28.97
70.20,44.97,22.98
70.50,14.99,8.35
70.50,14.99,8.35
70.20,-14.99,-7.90
69.90,-14.99,-7.90
67.50,-59.96,-28.72
65.70,-89.95,-37.87
64.20,-74.95,-33.79
62.70,-74.95,-33.80
61.50,-59.96,-28.74
59.70,-89.95,-37.88
57.90,-89.95,-37.89
54.90,-149.91,-46.83
51.60,-164.90,-47.87
48.00,-179.89,-48.63
40.50,-179.89,-48.64
36.60,-194.88,-49.20
32.70,-194.88,-49.20
27.90,-239.85,-50.12
22.80,-254.85,-50.27
17.70,-254.85,-50.27
7.50,-239.85,-50.12
2.10,-269.84,-50.39
-3.00,-254.85,-50.28
-7.80,-239.85,-50.12
-13.20,-269.84,-50.39
-18.30,-254.85,-50.28
-23.70,-269.84,-50.39
-33.30,-239.85,-50.12
-37.50,-209.87,-49.62
-41.70,-209.87,-49.62
-45.30,-179.89,-48.67
-48.90,-179.89,-48.67
-54.90,-134.92,-45.53
-57.30,-119.93,-43.70
-59.70,-119.93,-43.70
-61.50,-89.95,-38.13
-63.30,-89.95,-38.14
-64.50,-59.96,-29.15
-66.60,-44.97,-23.16
-67.50,-44.97,-23.16
-68.40,-44.97,-23.16
-68.70,-14.99,-8.54
-68.40,14.99,7.71
-67.80,29.98,15.45
-66.90,44.97,22.46
-66.00,44.97,22.47
-64.80,59.96,28.54
-63.60,59.96,28.55
-62.40,59.96,28.55
-60.90,74.95,33.62
-59.10,89.95,37.70
-57.00,104.94,40.92
-51.60,149.91,46.66
-48.60,149.91,46.66
-45.00,179.89,48.46
-41.40,179.89,48.47
-37.80,179.89,48.47
-33.60,209.87,49.43
-29.10,224.86,49.73
-24.30,239.85,49.95
-19.80,224.86,49.73
-14.70,254.85,50.11
-4.20,269.84,50.22
1.50,284.83,50.30
7.20,284.83,50.30
13.20,299.82,50.36
18.60,269.84,50.22
24.30,284.83,50.30
29.70,269.84,50.22
34.80,254.85,50.11
39.60,239.85,49.96
43.80,209.87,49.45
48.00,209.87,49.45
51.90,194.88,49.05
55.50,179.89,48.50
58.80,164.90,47.75
61.80,149.91,46.74
64.20,119.93,43.53
66.30,104.94,41.11
68.40,104.94,41.12
69.60,59.96,28.97
70.80,59.96,28.98
71.40,29.98,16.04
72.30,44.97,22.99
73.20,44.97,22.99
74.40,59.96,28.99
75.00,29.98,16.06
75.60,29.98,16.06
75.60,0.00,0.26
75.30,-14.99,-7.87
74.40,-44.97,-22.63
73.20,-59.96,-28.71
72.00,-59.96,-28.71
70.50,-74.95,-33.78
69.30,-59.96,-28.72
67.50,-89.95,-37.87
63.30,-119.93,-43.55
60.30,-149.91,-46.82
56.70,-179.89,-48.63
53.10,-179.89,-48.63
49.50,-179.89,-48.63
45.60,-194.88,-49.19
41.10,-224.86,-49.90
31.50,-254.85,-50.27
26.10,-269.84,-50.39
20.70,-269.84,-50.39
15.90,-239.85,-50.12
10.50,-269.84,-50.39
4.80,-284.83,-50.47
-0.90,-284.83,-50.47
-12.30,-284.83,-50.47
-18.00,-284.83,-50.47
-23.40,-269.84,-50.39
-28.80,-269.84,-50.39
-33.30,-224.86,-49.91
-42.60,-224.86,-49.91
-46.80,-209.87,-49.62
-50.70,-194.88,-49.22
-54.30,-179.89,-48.67
-57.90,-179.89,-48.67
-63.30,-134.92,-45.54
-65.40,-104.94,-41.29
-67.20,-89.95,-38.15
-68.70,-74.95,-34.14
-69.90,-59.96,-29.16
-71.10,-59.96,-29.17
-72.00,-44.97,-23.18
-74.10,-59.96,-29.18
-74.70,-29.98,-16.25
-74.70,0.00,-0.45
-74.10,29.98,15.42
-73.50,29.98,15.42
-72.30,59.96,28.52
-71.10,59.96,28.52
-70.20,44.97,22.45
-69.00,59.96,28.53
-67.80,59.96,28.53
-66.30,74.95,33.60
-64.20,104.94,40.90
-61.80,119.93,43.38
-59.10,134.92,45.25
-52.50,164.90,47.70
-48.90,179.89,48.46
-45.30,179.89,48.46
-41.10,209.87,49.43
-36.30,239.85,49.95
-32.10,209.87,49.44
-27.60,224.86,49.73
-22.20,269.84,50.22
-17.10,254.85,50.11
-11.70,269.84,50.22
-5.70,299.82,50.36
6.60,314.81,50.41
12.30,284.83,50.30
18.30,299.82,50.36
24.30,299.82,50.36
30.00,284.83,50.30
35.40,269.84,50.22
39.90,224.86,49.74
45.00,254.85,50.11
49.50,224.86,49.74
53.70,209.87,49.45
57.90,209.87,49.45
61.50,179.89,48.50
64.50,149.91,46.74
67.50,149.91,46.74
69.90,119.93,43.54
72.00,104.94,41.12
73.50,74.95,33.97
74.70,59.96,28.99
75.90,59.96,28.99
76.80,44.97,23.00
78.30,74.95,33.98
79.50,59.96,29.01
80.70,59.96,29.01
81.90,59.96,29.01
82.20,14.99,8.40
82.20,0.00,0.29
81.30,-44.97,-22.60
80.10,-59.96,-28.68
78.60,-74.95,-33.75
77.10,-74.95,-33.76
75.60,-74.95,-33.76
74.40,-59.96,-28.70
73.20,-59.96,-28.71
68.70,-119.93,-43.55
66.00,-134.92,-45.42
62.40,-179.89,-48.63
58.80,-179.89,-48.63
54.60,-209.87,-49.60
50.70,-194.88,-49.19
46.80,-194.88,-49.19
37.20,-239.85,-50.12
31.50,-284.83,-50.47
25.80,-284.83,-50.47
19.80,-299.82,-50.53
15.00,-239.85,-50.12
9.00,-299.82,-50.53
3.00,-299.82,-50.53
-3.00,-299.82,-50.53
-15.60,-314.81,-50.57
-21.30,-284.83,-50.47
-26.40,-254.85,-50.28
-31.80,-269.84,-50.39
-37.20,-269.84,-50.39
-46.20,-194.88,-49.22
-50.40,-209.87,-49.62
-54.60,-209.87,-49.62
-58.20,-179.89,-48.67
-61.80,-179.89,-48.67
-67.80,-149.91,-46.91
-70.20,-119.93,-43.72
-72.60,-119.93,-43.72
-74.40,-89.95,-38.16
-75.90,-74.95,-34.16
-77.10,-59.96,-29.19
-79.50,-59.96,-29.19
-80.40,-44.97,-23.21
-81.30,-44.97,-23.21
-81.60,-14.99,-8.60
-81.30,14.99,7.65
-81.00,14.99,7.65
-80.10,44.97,22.41
-79.50,29.98,15.40
-78.30,59.96,28.50
-77.40,44.97,22.42
-76.20,59.96,28.51
-74.70,74.95,33.58
-72.90,89.95,37.67
-70.50,119.93,43.37
-65.10,149.91,46.65
-62.10,149.91,46.65
-58.80,164.90,47.69
-54.90,194.88,49.02
-50.70,209.87,49.43
-46.50,209.87,49.43
-42.30,209.87,49.43
-36.90,269.84,50.22
-32.40,224.86,49.73
-26.70,284.83,50.30
-14.70,299.82,50.36
-8.40,314.81,50.41
-2.10,314.81,50.41
4.50,329.80,50.44
11.10,329.80,50.44
17.70,329.80,50.44
23.70,299.82,50.36
30.30,329.80,50.44
36.00,284.83,50.30
41.70,284.83,50.30
47.10,269.84,50.22
51.90,239.85,49.96
56.40,224.86,49.75
60.60,209.87,49.45
64.50,194.88,49.05
67.80,164.90,47.76
71.10,164.90,47.76
73.50,119.93,43.54
75.90,119.93,43.55
78.30,119.93,43.55
79.80,74.95,33.98
81.30,74.95,33.99
82.50,59.96,29.01
84.00,74.95,34.00
85.80,89.95,38.00
87.30,74.95,34.00
88.50,59.96,29.03
89.10,29.98,16.12
89.10,0.00,0.32
88.50,-29.98,-15.55
87.30,-59.96,-28.66
86.10,-59.96,-28.66
84.60,-74.95,-33.74
82.50,-44.97,-22.60
81.30,-59.96,-28.68
80.10,-59.96,-28.68
78.30,-89.95,-37.84
75.90,-119.93,-43.54
72.90,-149.91,-46.82
69.30,-179.89,-48.62
65.70,-179.89,-48.63
61.50,-209.87,-49.60
53.70,-209.87,-49.60
49.50,-209.87,-49.60
44.10,-269.84,-50.39
38.70,-269.84,-50.39
33.30,-269.84,-50.39
27.30,-299.82,-50.53
15.30,-299.82,-50.53
9.00,-314.81,-50.57
2.70,-314.81,-50.57
-3.90,-329.80,-50.60
-10.50,-329.80,-50.60
-16.80,-314.81,-50.57
-23.10,-314.81,-50.57
-34.20,-284.83,-50.47
-39.60,-269.84,-50.39
-45.00,-269.84,-50.39
-50.10,-254.85,-50.28
-54.00,-194.88,-49.22
-62.10,-194.88,-49.22
-65.70,-179.89,-48.68
-69.00,-164.90,-47.93
-72.00,-149.91,-46.92
-74.70,-134.92,-45.55
-79.20,-104.94,-41.31
-81.00,-89.95,-38.17
-82.50,-74.95,-34.18
-84.30,-89.95,-38.18
-85.50,-59.96,-29.21
-86.70,-59.96,-29.22
-87.30,-29.98,-16.31
-87.90,0.00,-0.52
-87.30,29.98,15.36
-86.70,29.98,15.37
-86.10,29.98,15.37
-85.50,29.98,15.37
-84.30,59.96,28.48
-83.10,59.96,28.48
-81.30,89.95,37.66
-79.50,89.95,37.66
-77.40,104.94,40.88
-75.30,104.94,40.89
-72.60,134.92,45.24
-69.90,134.92,45.24
-66.90,149.91,46.65
-63.30,179.89,48.46
-54.90,209.87,49.43
-50.10,239.85,49.95
-45.30,239.85,49.95
-40.20,254.85,50.10
-34.50,284.83,50.30
-28.80,284.83,50.30
-23.10,284.83,50.30
-16.80,314.81,50.41
-10.20,329.80,50.44
-3.30,344.79,50.46
3.30,329.80,50.44
10.50,359.78,50.48
17.70,359.78,50.48
24.30,329.80,50.44
36.90,299.82,50.36
42.30,269.84,50.22
48.00,284.83,50.31
53.10,254.85,50.11
58.20,254.85,50.11
63.00,239.85,49.96
67.50,224.86,49.75
71.40,194.88,49.06
74.70,164.90,47.76
77.70,149.91,46.75
80.10,119.93,43.55
82.20,104.94,41.14
83.70,74.95,33.99
85.20,74.95,34.00
86.70,74.95,34.00
88.20,74.95,34.01
90.30,104.94,41.15
92.10,89.95,38.02
93.30,59.96,29.05
93.90,29.98,16.14
94.20,14.99,8.46
93.60,-29.98,-15.53
93.00,-29.98,-15.53
91.80,-59.96,-28.65
90.60,-59.96,-28.65
90.00,-29.98,-15.55
89.40,-29.98,-15.55
87.30,-59.96,-28.66
85.80,-74.95,-33.74
83.40,-119.93,-43.53
81.00,-119.93,-43.53
78.00,-149.91,-46.81
75.00,-149.91,-46.81
71.40,-179.89,-48.62
68.40,-149.91,-46.82
60.00,-209.87,-49.60
55.20,-239.85,-50.11
49.80,-269.84,-50.39
44.40,-269.84,-50.39
38.70,-284.83,-50.47
33.00,-284.83,-50.47
26.70,-314.81,-50.57
14.40,-299.82,-50.53
8.10,-314.81,-50.57
2.10,-299.82,-50.53
-4.20,-314.81,-50.57
-10.80,-329.80,-50.60
-17.40,-329.80,-50.60
-24.60,-359.78,-50.64
-36.90,-299.82,-50.53
-42.30,-269.84,-50.39
-47.40,-254.85,-50.28
-51.60,-209.87,-49.62
-56.40,-239.85,-50.13
-64.80,-209.87,-49.62
-67.80,-149.91,-46.91
-70.80,-149.91,-46.92
-73.20,-119.93,-43.72
-75.00,-89.95,-38.16
-78.00,-59.96,-29.19
-79.20,-59.96,-29.19
-81.00,-89.95,-38.17
-83.10,-104.94,-41.32
-84.60,-74.95,-34.18
-85.80,-59.96,-29.21
-86.10,14.99,7.63
-85.50,29.98,15.37
-84.60,44.97,22.39
-83.70,44.97,22.40
-83.10,29.98,15.38
-82.20,44.97,22.40
-81.60,29.98,15.39
-79.80,89.95,37.66
-78.00,89.95,37.66
-75.90,104.94,40.88
-73.20,134.92,45.24
-70.80,119.93,43.37
-68.40,119.93,43.37
-65.70,134.92,45.25
-63.00,134.92,45.25
-59.40,179.89,48.46
-55.80,179.89,48.46
-46.50,239.85,49.95
-41.70,239.85,49.95
-36.90,239.85,49.95
-32.40,224.86,49.73
-27.00,269.84,50.22
-21.60,269.84,50.22
-15.30,314.81,50.41
-9.60,284.83,50.30
-3.00,329.80,50.44
3.60,329.80,50.44
9.60,299.82,50.36
16.50,344.79,50.46
23.40,344.79,50.46
30.00,329.80,50.44
36.30,314.81,50.41
42.30,299.82,50.36
53.40,269.84,50.22
58.20,239.85,49.96
63.00,239.85,49.96
67.80,239.85,49.96
71.70,194.88,49.06
75.00,164.90,47.76
78.30,164.90,47.76
81.00,134.92,45.38
83.40,119.93,43.56
85.80,119.93,43.56
87.60,89.95,38.01
89.10,74.95,34.01
90.90,89.95,38.01
92.70,89.95,38.02
94.20,74.95,34.02
95.70,74.95,34.03
96.60,44.97,23.08
96.90,14.99,8.47
96.90,0.00,0.36
96.30,-29.98,-15.52
95.70,-29.98,-15.52
95.10,-29.98,-15.53
94.50,-29.98,-15.53
94.20,-14.99,-7.79
93.30,-44.97,-22.55
92.10,-59.96,-28.64
90.30,-89.95,-37.82
88.20,-104.94,-41.04
83.10,-134.92,-45.40
80.40,-134.92,-45.41
77.10,-164.90,-47.85
73.80,-164.90,-47.86
69.90,-194.88,-49.19
65.40,-224.86,-49.90
60.60,-239.85,-50.11
50.10,-269.84,-50.39
44.10,-299.82,-50.53
38.70,-269.84,-50.39
32.40,-314.81,-50.57
25.80,-329.80,-50.60
19.50,-314.81,-50.57
12.90,-329.80,-50.60
-0.90,-329.80,-50.60
-8.10,-359.78,-50.64
-15.30,-359.78,-50.64
-21.60,-314.81,-50.57
-27.90,-314.81,-50.57
-33.90,-299.82,-50.53
-44.70,-269.84,-50.39
-50.10,-269.84,-50.39
-55.20,-254.85,-50.28
-60.00,-239.85,-50.13
-64.50,-224.86,-49.91
-71.10,-149.91,-46.92
-74.10,-149.91,-46.92
-76.50,-119.93,-43.72
-78.30,-89.95,-38.17
-80.10,-89.95,-38.17
-82.80,-59.96,-29.20
-84.00,-59.96,-29.21
-85.50,-74.95,-34.18
-86.70,-59.96,-29.22
-87.90,-59.96,-29.22
-88.20,-14.99,-8.63
-88.20,0.00,-0.52
-87.60,29.98,15.36
-87.00,29.98,15.37
-86.40,29.98,15.37
-85.80,29.98,15.37
-84.00,44.97,22.40
-82.20,89.95,37.65
-80.40,89.95,37.66
-78.60,89.95,37.66
-76.20,119.93,43.36
-73.80,119.93,43.36
-71.40,119.93,43.37
-68.40,149.91,46.65
-65.40,149.91,46.65
-61.80,179.89,48.46
-57.60,209.87,49.43
-53.40,209.87,49.43
-48.60,239.85,49.95
-38.40,269.84,50.22
-33.00,269.84,50.22
-27.00,299.82,50.36
-20.40,329.80,50.44
-14.10,314.81,50.41
-7.50,329.80,50.44
-0.60,344.79,50.46
6.30,344.79,50.46
13.20,344.79,50.46
20.40,359.78,50.48
27.60,359.78,50.48
34.20,329.80,50.44
40.20,299.82,50.36
46.20,299.82,50.36
51.90,284.83,50.31
57.30,269.84,50.22
62.40,254.85,50.11
67.20,239.85,49.96
75.60,194.88,49.06
79.20,179.89,48.51
82.20,149.91,46.75
84.60,119.93,43.56
87.00,119.93,43.56
88.80,89.95,38.01
90.60,89.95,38.01
92.10,74.95,34.02
94.20,104.94,41.16
96.30,104.94,41.16
98.10,89.95,38.03
99.60,74.95,34.04
100.20,29.98,16.16
100.20,0.00,0.38
99.60,-29.98,-15.51
99.00,-29.98,-15.51
98.40,-29.98,-15.51
97.80,-29.98,-15.51
97.50,-14.99,-7.77
97.20,-14.99,-7.77
96.30,-44.97,-22.54
94.80,-74.95,-33.71
93.00,-89.95,-37.81
91.20,-89.95,-37.82
86.10,-134.92,-45.40
83.40,-134.92,-45.40
80.40,-149.91,-46.81
77.10,-164.90,-47.85
73.20,-194.88,-49.19
69.00,-209.87,-49.60
64.20,-239.85,-50.11
53.70,-269.84,-50.39
48.00,-284.83,-50.47
42.00,-299.82,-50.53
36.00,-299.82,-50.53
29.40,-329.80,-50.60
22.50,-344.79,-50.63
15.60,-344.79,-50.63
1.80,-344.79,-50.63
-5.10,-344.79,-50.63
-12.00,-344.79,-50.63
-18.90,-344.79,-50.63
-25.80,-344.79,-50.63
-32.10,-314.81,-50.57
-43.80,-284.83,-50.47
-48.60,-239.85,-50.13
-53.40,-239.85,-50.13
-58.20,-239.85,-50.13
-62.40,-209.87,-49.62
-69.60,-179.89,-48.68
-72.30,-134.92,-45.55
-74.70,-119.93,-43.72
-76.80,-104.94,-41.31
-78.90,-104.94,-41.31
-82.80,-89.95,-38.18
-85.50,-134.92,-45.56
-87.60,-104.94,-41.33
-89.70,-104.94,-41.33
-90.90,-59.96,-29.23
-91.50,-14.99,-8.64
-90.60,44.97,22.37
-89.10,74.95,33.54
-87.90,59.96,28.47
-86.70,59.96,28.47
-85.80,44.97,22.39
-84.90,44.97,22.39
-83.70,59.96,28.48
-81.90,89.95,37.66
-79.50,119.93,43.36
-77.10,119.93,43.36
-74.10,149.91,46.64
-70.50,179.89,48.45
-67.50,149.91,46.65
-64.50,149.91,46.65
-58.50,149.91,46.65
-55.20,164.90,47.69
-51.30,194.88,49.02
-47.10,209.87,49.43
-42.00,254.85,50.10
-36.30,284.83,50.30
-30.30,299.82,50.36
-24.60,284.83,50.30
-19.50,254.85,50.11
-13.80,284.83,50.30
-7.80,299.82,50.36
-1.20,329.80,50.44
12.30,329.80,50.44
18.30,299.82,50.36
24.30,299.82,50.36
29.70,269.84,50.22
36.30,329.80,50.44
42.30,299.82,50.36
48.60,314.81,50.41
54.00,269.84,50.22
59.10,254.85,50.11
63.90,239.85,49.96
68.70,239.85,49.96
72.90,209.87,49.46
77.10,209.87,49.46
80.70,179.89,48.51
83.70,149.91,46.75
86.70,149.91,46.75
89.10,119.93,43.56
91.20,104.94,41.15
92.70,74.95,34.02
93.90,59.96,29.05
95.40,74.95,34.02
96.90,74.95,34.03
98.40,74.95,34.03
99.90,74.95,34.04
100.80,44.97,23.09
101.10,14.99,8.49
100.80,-14.99,-7.75
100.20,-29.98,-15.50
99.60,-29.98,-15.51
98.40,-29.98,-15.51
97.80,-29.98,-15.51
97.20,-29.98,-15.52
95.70,-74.95,-33.71
93.90,-89.95,-37.81
91.80,-104.94,-41.04
89.40,-119.93,-43.52
86.40,-149.91,-46.81
80.40,-164.90,-47.85
77.10,-164.90,-47.85
73.20,-194.88,-49.19
69.00,-209.87,-49.60
64.20,-239.85,-50.11
59.10,-254.85,-50.27
53.40,-284.83,-50.47
41.40,-314.81,-50.57
35.10,-314.81,-50.57
28.80,-314.81,-50.57
22.80,-299.82,-50.53
15.60,-359.78,-50.64
9.30,-314.81,-50.57
2.10,-359.78,-50.64
-5.10,-359.78,-50.64
-19.50,-359.78,-50.64
-26.10,-329.80,-50.60
-32.40,-314.81,-50.57
-38.40,-299.82,-50.53
-43.80,-269.84,-50.39
-54.00,-239.85,-50.13
-58.80,-239.85,-50.13
-63.00,-209.87,-49.62
-67.20,-209.87,-49.62
-70.80,-179.89,-48.68
-76.50,-134.92,-45.55
-78.60,-104.94,-41.31
-80.40,-89.95,-38.17
-82.20,-89.95,-38.18
-83.40,-59.96,-29.21
-84.60,-59.96,-29.21
-87.00,-59.96,-29.22
-88.80,-89.95,-38.19
-89.40,-29.98,-16.31
-89.70,-14.99,-8.63
-89.10,29.98,15.36
-88.50,29.98,15.36
-87.30,59.96,28.47
-86.70,29.98,15.37
-85.80,44.97,22.39
-84.90,44.97,22.39
-83.70,59.96,28.48
-81.90,89.95,37.66
-79.50,119.93,43.36
-74.70,119.93,43.36
-72.00,134.92,45.24
-69.30,134.92,45.24
-66.60,134.92,45.25
-63.30,164.90,47.69
-60.00,164.90,47.69
-56.10,194.88,49.02
-51.90,209.87,49.43
-47.10,239.85,49.95
-42.00,254.85,50.10
-36.90,254.85,50.11
-26.10,269.84,50.22
-19.80,314.81,50.41
-13.50,314.81,50.41
-6.90,329.80,50.44
0.00,344.79,50.46
6.90,344.79,50.46
12.90,299.82,50.36
19.20,314.81,50.41
25.50,314.81,50.41
32.10,329.80,50.44
39.00,344.79,50.46
45.30,314.81,50.41
51.30,299.82,50.36
56.70,269.84,50.22
62.10,269.84,50.22
66.90,239.85,49.96
71.10,209.87,49.46
75.30,209.87,49.46
78.90,179.89,48.51
82.20,164.90,47.76
84.90,134.92,45.39
89.70,119.93,43.56
91.50,89.95,38.02
93.00,74.95,34.02
94.50,74.95,34.02
96.60,104.94,41.16
98.40,89.95,38.03
99.90,74.95,34.04
101.10,59.96,29.07
101.70,29.98,16.17
101.70,0.00,0.38
101.40,-14.99,-7.75
100.80,-29.98,-15.50
100.50,-14.99,-7.76
99.90,-29.98,-15.51
99.30,-29.98,-15.51
98.40,-44.97,-22.53
97.20,-59.96,-28.63
95.70,-74.95,-33.71
93.90,-89.95,-37.81
91.50,-119.93,-43.52
86.70,-119.93,-43.52
84.00,-134.92,-45.40
80.70,-164.90,-47.85
77.10,-179.89,-48.62
73.20,-194.88,-49.19
68.70,-224.86,-49.90
63.90,-239.85,-50.11
53.70,-269.84,-50.39
48.00,-284.83,-50.47
41.70,-314.81,-50.57
35.40,-314.81,-50.57
28.80,-329.80,-50.60
22.50,-314.81,-50.57
15.90,-329.80,-50.60
1.80,-344.79,-50.63
-5.40,-359.78,-50.64
-12.30,-344.79,-50.63
-19.20,-344.79,-50.63
-26.10,-344.79,-50.63
-32.40,-314.81,-50.57
-44.10,-269.84,-50.39
-49.50,-269.84,-50.39
-54.60,-254.85,-50.28
-59.10,-224.86,-49.91
-63.30,-209.87,-49.62
-71.10,-179.89,-48.68
-74.70,-179.89,-48.68
-77.70,-149.91,-46.92
-80.10,-119.93,-43.73
-81.90,-89.95,-38.18
-84.30,-59.96,-29.21
-84.90,-29.98,-16.29
-85.50,-29.98,-16.30
-86.10,-29.98,-16.30
-87.60,-74.95,-34.19
-88.80,-59.96,-29.22
-89.70,0.00,-0.52
-89.70,0.00,-0.52
-89.10,29.98,15.36
-86.70,59.96,28.47
-85.20,74.95,33.55
-84.00,59.96,28.48
-83.10,44.97,22.40
-81.30,89.95,37.66
-79.50,89.95,37.66
-77.10,119.93,43.36
-74.10,149.91,46.64
-71.10,149.91,46.65
-68.10,149.91,46.65
-65.10,149.91,46.65
-62.10,149.91,46.65
-58.50,179.89,48.46
-54.90,179.89,48.46
-51.00,194.88,49.02
-41.40,254.85,50.10
-36.00,269.84,50.22
-30.90,254.85,50.11
-25.80,254.85,50.11
-20.10,284.83,50.30
-14.70,269.84,50.22
-8.10,329.80,50.44
-1.50,329.80,50.44
5.10,329.80,50.44
11.10,299.82,50.36
17.40,314.81,50.41
24.00,329.80,50.44
30.30,314.81,50.41
36.60,314.81,50.41
42.90,314.81,50.41
48.60,284.83,50.31
59.10,254.85,50.11
63.90,239.85,49.96
68.70,239.85,49.96
72.90,209.87,49.46
76.50,179.89,48.51
79.50,149.91,46.75
82.50,149.91,46.75
84.90,119.93,43.56
87.00,104.94,41.15
88.80,89.95,38.01
90.30,74.95,34.01
92.10,89.95,38.02
94.20,104.94,41.16
95.70,74.95,34.03
97.20,74.95,34.03
98.10,44.97,23.08
98.10,0.00,0.37
97.50,-29.98,-15.52
96.90,-29.98,-15.52
95.70,-59.96,-28.63
94.80,-44.97,-22.55
93.90,-44.97,-22.55
92.70,-59.96,-28.64
91.50,-59.96,-28.65
90.30,-59.96,-28.65
86.10,-119.93,-43.52
83.70,-119.93,-43.53
81.00,-134.92,-45.41
78.30,-134.92,-45.41
75.30,-149.91,-46.81
72.30,-149.91,-46.82
68.70,-179.89,-48.62
60.30,-239.85,-50.11
55.80,-224.86,-49.90
50.70,-254.85,-50.27
45.60,-254.85,-50.27
39.90,-284.83,-50.47
34.50,-269.84,-50.39
28.20,-314.81,-50.57
15.30,-329.80,-50.60
8.70,-329.80,-50.60
2.70,-299.82,-50.53
-3.90,-329.80,-50.60
-9.90,-299.82,-50.53
-15.90,-299.82,-50.53
-22.50,-329.80,-50.60
-35.70,-329.80,-50.60
-41.70,-299.82,-50.53
-47.10,-269.84,-50.39
-52.20,-254.85,-50.28
-56.70,-224.86,-49.91
-65.10,-194.88,-49.22
-69.00,-194.88,-49.22
-72.30,-164.90,-47.93
-75.60,-164.90,-47.93
-78.30,-134.92,-45.55
-81.90,-74.95,-34.17
-83.10,-59.96,-29.20
-84.00,-44.97,-23.22
-84.60,-29.98,-16.29
-85.50,-44.97,-23.23
-86.40,-44.97,-23.23
-87.60,-59.96,-29.22
-88.50,0.00,-0.52
-88.20,14.99,7.62
-87.00,59.96,28.47
-85.80,59.96,28.48
-84.30,74.95,33.55
-83.40,44.97,22.40
-82.20,59.96,28.49
-80.40,89.95,37.66
-78.60,89.95,37.66
-76.20,119.93,43.36
-73.80,119.93,43.36
-70.80,149.91,46.65
-67.80,149.91,46.65
-64.80,149.91,46.65
-61.80,149.91,46.65
-58.80,149.91,46.65
-51.00,209.87,49.43
-46.50,224.86,49.73
-41.70,239.85,49.95
-36.60,254.85,50.11
-31.20,269.84,50.22
-25.80,269.84,50.22
-20.70,254.85,50.11
-14.70,299.82,50.36
-9.00,284.83,50.30
-3.00,299.82,50.36
3.60,329.80,50.44
9.90,314.81,50.41
16.20,314.81,50.41
22.80,329.80,50.44
29.70,344.79,50.46
36.00,314.81,50.41
47.70,284.83,50.31
53.40,284.83,50.31
58.20,239.85,49.96
63.00,239.85,49.96
67.80,239.85,49.96
71.70,194.88,49.06
75.30,179.89,48.51
78.60,164.90,47.76
81.30,134.92,45.38
83.70,119.93,43.56
85.80,104.94,41.14
87.60,89.95,38.01
89.40,89.95,38.01
91.20,89.95,38.02
93.00,89.95,38.02
94.80,89.95,38.02
96.00,59.96,29.06
96.60,29.98,16.15
96.30,-14.99,-7.78
95.70,-29.98,-15.52
94.80,-44.97,-22.55
94.20,-29.98,-15.53
93.60,-29.98,-15.53
93.60,0.00,0.34
93.30,-14.99,-7.79
92.40,-44.97,-22.56
91.20,-59.96,-28.65
89.40,-89.95,-37.82
84.60,-119.93,-43.53
82.20,-119.93,-43.53
79.80,-119.93,-43.53
76.80,-149.91,-46.81
73.50,-164.90,-47.86
69.60,-194.88,-49.19
66.00,-179.89,-48.63
56.40,-239.85,-50.11
51.00,-269.84,-50.39
46.20,-239.85,-50.12
40.20,-299.82,-50.53
34.20,-299.82,-50.53
27.60,-329.80,-50.60
21.00,-329.80,-50.60
7.20,-344.79,-50.63
0.00,-359.78,-50.64
-7.20,-359.78,-50.64
-14.40,-359.78,-50.64
-21.60,-359.78,-50.64
-28.20,-329.80,-50.60
-39.60,-284.83,-50.47
-45.00,-269.84,-50.39
-49.80,-239.85,-50.13
-54.30,-224.86,-49.91
-59.10,-239.85,-50.13
-63.60,-224.86,-49.91
-70.80,-179.89,-48.68
-73.80,-149.91,-46.92
-76.50,-134.92,-45.55
-78.90,-119.93,-43.73
-82.50,-74.95,-34.18
-83.70,-59.96,-29.21
-84.60,-44.97,-23.23
-85.20,-29.98,-16.30
-86.40,-59.96,-29.22
-87.60,-59.96,-29.22
-88.80,-59.96,-29.22
-89.10,0.00,-0.52
-88.50,29.98,15.36
-87.30,59.96,28.47
-86.10,59.96,28.48
-85.50,29.98,15.37
-84.30,59.96,28.48
-83.40,44.97,22.40
-81.90,74.95,33.56
-80.10,89.95,37.66
-77.70,119.93,43.36
-75.30,119.93,43.36
-72.60,134.92,45.24
-69.90,134.92,45.24
-66.90,149.91,46.65
-63.30,179.89,48.46
-59.70,179.89,48.46
-50.70,239.85,49.95
-45.90,239.85,49.95
-40.80,254.85,50.10
-35.70,254.85,50.11
-29.70,299.82,50.36
-24.30,269.84,50.22
-17.70,329.80,50.44
-11.10,329.80,50.44
-5.10,299.82,50.36
0.90,299.82,50.36
8.10,359.78,50.48
15.00,344.79,50.46
21.90,344.79,50.46
28.80,344.79,50.46
34.50,284.83,50.30
40.20,284.83,50.30
45.90,284.83,50.30
56.40,254.85,50.11
60.90,224.86,49.75
65.10,209.87,49.45
69.30,209.87,49.46
72.90,179.89,48.51
76.20,164.90,47.76
78.90,134.92,45.38
81.30,119.93,43.55
83.70,119.93,43.56
85.20,74.95,34.00
86.70,74.95,34.00
88.50,89.95,38.01
90.60,104.94,41.15
92.40,89.95,38.02
93.90,74.95,34.02
95.10,59.96,29.05
95.70,29.98,16.15
95.70,0.00,0.35
95.10,-29.98,-15.53
94.50,-29.98,-15.53
93.60,-44.97,-22.55
93.00,-29.98,-15.53
92.40,-29.98,-15.54
91.50,-44.97,-22.56
90.30,-59.96,-28.65
88.20,-104.94,-41.04
83.10,-134.92,-45.40
80.10,-149.91,-46.81
77.40,-134.92,-45.41
74.70,-134.92,-45.41
71.70,-149.91,-46.82
68.10,-179.89,-48.63
64.20,-194.88,-49.19
54.60,-254.85,-50.27
49.50,-254.85,-50.27
44.10,-269.84,-50.39
38.70,-269.84,-50.39
33.00,-284.83,-50.47
26.70,-314.81,-50.57
20.10,-329.80,-50.60
6.90,-329.80,-50.60
0.30,-329.80,-50.60
-6.60,-344.79,-50.63
-13.50,-344.79,-50.63
-20.70,-359.78,-50.64
-27.00,-314.81,-50.57
-39.90,-299.82,-50.53
-45.30,-269.84,-50.39
-50.40,-254.85,-50.28
-55.50,-254.85,-50.28
-60.00,-224.86,-49.91
-69.00,-224.86,-49.92
-72.90,-194.88,-49.23
-76.50,-179.89,-48.68
-78.90,-119.93,-43.73
-81.30,-119.93,-43.73
-84.90,-89.95,-38.18
-86.10,-59.96,-29.21
-87.00,-44.97,-23.23
-87.90,-44.97,-23.24
-89.40,-74.95,-34.19
-90.90,-74.95,-34.20
-91.80,-44.97,-23.25
-91.80,14.99,7.60
-91.20,29.98,15.35
-90.30,44.97,22.37
-89.70,29.98,15.35
-89.10,29.98,15.36
-87.90,59.96,28.47
-87.00,44.97,22.39
-85.50,74.95,33.55
-83.70,89.95,37.65
-81.30,119.93,43.35
-78.90,119.93,43.36
-76.50,119.93,43.36
-74.10,119.93,43.36
-71.10,149.91,46.65
-68.10,149.91,46.65
-64.50,179.89,48.46
-55.80,224.86,49.73
-51.30,224.86,49.73
-46.50,239.85,49.95
-41.10,269.84,50.22
-36.30,239.85,49.95
-30.30,299.82,50.36
-24.30,299.82,50.36
-17.70,329.80,50.44
-11.10,329.80,50.44
-4.50,329.80,50.44
2.10,329.80,50.44
9.30,359.78,50.48
16.50,359.78,50.48
23.10,329.80,50.44
30.00,314.81,50.41
42.30,299.82,50.36
47.70,269.84,50.22
53.10,269.84,50.22
58.20,254.85,50.11
63.00,239.85,49.96
67.50,224.86,49.75
71.70,209.87,49.46
75.00,164.90,47.76
78.00,149.91,46.75
80.70,134.92,45.38
82.80,104.94,41.14
84.90,104.94,41.14
86.10,59.96,29.03
87.90,89.95,38.01
89.70,89.95,38.01
91.50,89.95,38.02
93.30,89.95,38.02
94.50,59.96,29.05
95.10,29.98,16.14
95.10,0.00,0.35
94.80,-14.99,-7.78
94.20,-29.98,-15.53
93.30,-44.97,-22.55
92.70,-29.98,-15.54
92.10,-29.98,-15.54
91.20,-44.97,-22.56
90.00,-59.96,-28.65
88.50,-74.95,-33.73
84.90,-89.95,-37.83
82.50,-119.93,-43.53
80.10,-119.93,-43.53
77.40,-134.92,-45.41
74.40,-149.91,-46.82
71.10,-164.90,-47.86
67.20,-194.88,-49.19
58.50,-224.86,-49.90
53.70,-239.85,-50.11
48.60,-254.85,-50.27
43.20,-269.84,-50.39
37.50,-284.83,-50.47
31.20,-314.81,-50.57
25.50,-284.83,-50.47
12.30,-329.80,-50.60
6.30,-299.82,-50.53
0.30,-299.82,-50.53
-6.90,-359.78,-50.64
-12.60,-284.83,-50.47
-18.90,-314.81,-50.57
-26.10,-359.78,-50.64
-37.50,-269.84,-50.39
-42.30,-239.85,-50.12
-47.70,-269.84,-50.39
-52.50,-239.85,-50.13
-57.30,-239.85,-50.13
-66.00,-194.88,-49.22
-69.90,-194.88,-49.22
-72.90,-149.91,-46.92
-75.90,-149.91,-46.92
-78.30,-119.93,-43.73
-81.90,-89.95,-38.18
-83.10,-59.96,-29.20
-83.70,-29.98,-16.29
-84.30,-29.98,-16.29
-85.50,-59.96,-29.21
-86.70,-59.96,-29.22
-87.90,-59.96,-29.22
-89.10,-14.99,-8.63
-88.50,29.98,15.36
-87.90,29.98,15.36
-86.70,59.96,28.47
-85.50,59.96,28.48
-84.90,29.98,15.37
-83.70,59.96,28.48
-82.50,59.96,28.49
-81.00,74.95,33.56
-78.90,104.94,40.88
-76.50,119.93,43.36
-73.80,134.92,45.24
-71.10,134.92,45.24
-68.10,149.91,46.65
-60.90,179.89,48.46
-56.70,209.87,49.43
-52.20,224.86,49.73
-47.10,254.85,50.10
-42.00,254.85,50.10
-36.60,269.84,50.22
-30.90,284.83,50.30
-24.60,314.81,50.41
-18.30,314.81,50.41
-11.40,344.79,50.46
-4.50,344.79,50.46
2.40,344.79,50.46
9.30,344.79,50.46
16.50,359.78,50.48
29.10,269.84,50.22
35.70,329.80,50.44
41.70,299.82,50.36
47.40,284.83,50.30
52.50,254.85,50.11
57.60,254.85,50.11
62.70,254.85,50.11
66.60,194.88,49.05
71.10,224.86,49.75
74.70,179.89,48.51
78.00,164.90,47.76
80.70,134.92,45.38
83.40,134.92,45.38
85.50,104.94,41.14
87.30,89.95,38.01
89.10,89.95,38.01
90.90,89.95,38.01
93.00,104.94,41.16
94.80,89.95,38.02
96.30,74.95,34.03
96.90,29.98,16.15
96.90,0.00,0.36
96.60,-14.99,-7.77
96.30,-14.99,-7.78
95.70,-29.98,-15.52
95.10,-29.98,-15.53
94.20,-44.97,-22.55
93.30,-44.97,-22.55
92.10,-59.96,-28.64
88.80,-89.95,-37.82
86.70,-104.94,-41.04
84.90,-89.95,-37.83
82.80,-104.94,-41.05
80.40,-119.93,-43.53
77.70,-134.92,-45.41
74.70,-149.91,-46.81
71.10,-179.89,-48.62
62.70,-209.87,-49.60
57.90,-239.85,-50.11
53.40,-224.86,-49.90
48.30,-254.85,-50.27
43.50,-239.85,-50.12
37.50,-299.82,-50.53
31.20,-314.81,-50.57
18.30,-329.80,-50.60
11.70,-329.80,-50.60
5.10,-329.80,-50.60
-1.20,-314.81,-50.57
-8.10,-344.79,-50.63
-15.30,-359.78,-50.64
-22.50,-359.78,-50.64
-34.80,-314.81,-50.57
-39.90,-254.85,-50.28
-45.30,-269.84,-50.39
-50.10,-239.85,-50.13
-55.20,-254.85,-50.28
-64.50,-224.86,-49.91
-68.40,-194.88,-49.22
-72.00,-179.89,-48.68
-75.00,-149.91,-46.92
-77.70,-134.92,-45.55
-81.30,-89.95,-38.18
-83.10,-89.95,-38.18
-83.70,-29.98,-16.29
-84.90,-59.96,-29.21
-86.10,-59.96,-29.21
-87.60,-74.95,-34.19
-90.30,-59.96,-29.23
-90.90,-29.98,-16.32
-90.60,14.99,7.60
-90.00,29.98,15.35
-89.40,29.98,15.35
-88.50,44.97,22.38
-87.90,29.98,15.36
-87.60,14.99,7.62
-86.40,59.96,28.47
-85.20,59.96,28.48
-83.40,89.95,37.65
-81.30,104.94,40.88
-78.90,119.93,43.36
-76.20,134.92,45.24
-73.80,119.93,43.36
-67.20,179.89,48.46
-63.30,194.88,49.02
-58.80,224.86,49.73
-54.30,224.86,49.73
-49.20,254.85,50.10
-43.80,269.84,50.22
-38.40,269.84,50.22
-32.40,299.82,50.36
-25.80,329.80,50.44
-20.40,269.84,50.22
-13.20,359.78,50.48
0.90,359.78,50.48
8.10,359.78,50.48
15.00,344.79,50.46
21.90,344.79,50.46
28.80,344.79,50.46
35.40,329.80,50.44
41.40,299.82,50.36
47.10,284.83,50.30
52.80,284.83,50.31
58.20,269.84,50.22
63.00,239.85,49.96
67.80,239.85,49.96
72.00,209.87,49.46
75.60,179.89,48.51
78.90,164.90,47.76
81.90,149.91,46.75
84.60,134.92,45.39
87.00,119.93,43.56
89.40,119.93,43.56
91.20,89.95,38.02
93.60,119.93,43.57
95.40,89.95,38.02
96.60,59.96,29.06
97.80,59.96,29.06
98.40,29.98,16.16
98.70,14.99,8.48
98.70,0.00,0.37
98.10,-29.98,-15.51
97.50,-29.98,-15.52
96.90,-29.98,-15.52
96.00,-44.97,-22.54
95.10,-44.97,-22.55
92.10,-74.95,-33.72
90.90,-59.96,-28.65
89.10,-89.95,-37.82
87.30,-89.95,-37.83
84.90,-119.93,-43.53
82.50,-119.93,-43.53
79.80,-134.92,-45.41
76.50,-164.90,-47.85
72.90,-179.89,-48.62
65.10,-209.87,-49.60
60.30,-239.85,-50.11
55.80,-224.86,-49.90
50.70,-254.85,-50.27
45.00,-284.83,-50.47
39.60,-269.84,-50.39
33.30,-314.81,-50.57
21.30,-284.83,-50.47
14.40,-344.79,-50.63
7.50,-344.79,-50.63
0.90,-329.80,-50.60
-6.00,-344.79,-50.63
-12.90,-344.79,-50.63
-20.10,-359.78,-50.64
-33.60,-329.80,-50.60
-39.90,-314.81,-50.57
-45.30,-269.84,-50.39
-50.40,-254.85,-50.28
-55.50,-254.85,-50.28
-64.50,-224.86,-49.91
-68.70,-209.87,-49.62
-72.30,-179.89,-48.68
-75.60,-164.90,-47.93
-78.30,-134.92,-45.55
-82.50,-89.95,-38.18
-84.30,-89.95,-38.18
-85.50,-59.96,-29.21
-86.70,-59.96,-29.22
-87.90,-59.96,-29.22
-89.40,-74.95,-34.19
-92.10,-59.96,-29.23
-92.40,-14.99,-8.65
-92.40,0.00,-0.54
-91.80,29.98,15.34
-91.20,29.98,15.35
-90.60,29.98,15.35
-90.00,29.98,15.35
-89.40,29.98,15.35
-88.20,59.96,28.47
-87.00,59.96,28.47
-85.20,89.95,37.65
-83.10,104.94,40.87
-81.00,104.94,40.88
-78.60,119.93,43.36
-76.20,119.93,43.36
-73.50,134.92,45.24
-66.60,179.89,48.46
-62.40,209.87,49.43
-58.20,209.87,49.43
-53.40,239.85,49.95
-48.30,254.85,50.10
-43.20,254.85,50.10
-37.20,299.82,50.36
-31.50,284.83,50.30
-25.20,314.81,50.40
-18.30,344.79,50.46
-4.50,344.79,50.46
2.70,359.78,50.48
10.20,374.77,50.49
17.40,359.78,50.48
24.60,359.78,50.48
30.60,299.82,50.36
37.20,329.80,50.44
43.20,299.82,50.36
48.60,269.84,50.22
53.40,239.85,49.96
58.20,239.85,49.96
62.40,209.87,49.45
67.20,239.85,49.96
71.40,209.87,49.46
75.00,179.89,48.51
78.00,149.91,46.75
81.00,149.91,46.75
83.40,119.93,43.56
85.50,104.94,41.14
87.60,104.94,41.15
89.40,89.95,38.01
91.20,89.95,38.02
93.60,119.93,43.57
95.40,89.95,38.02
96.60,59.96,29.06
97.20,29.98,16.15
97.50,14.99,8.47
97.20,-14.99,-7.77
96.30,-44.97,-22.54
95.40,-44.97,-22.55
94.50,-44.97,-22.55
92.70,-44.97,-22.56
91.20,-74.95,-33.72
89.70,-74.95,-33.73
87.90,-89.95,-37.82
85.80,-104.94,-41.05
83.70,-104.94,-41.05
81.30,-119.93,-43.53
78.90,-119.93,-43.53
76.50,-119.93,-43.54
70.20,-164.90,-47.86
66.30,-194.88,-49.19
62.70,-179.89,-48.63
58.20,-224.86,-49.90
53.40,-239.85,-50.11
48.30,-254.85,-50.27
37.50,-284.83,-50.47
32.10,-269.84,-50.39
25.80,-314.81,-50.57
19.20,-329.80,-50.60
13.20,-299.82,-50.53
6.60,-329.80,-50.60
0.00,-329.80,-50.60
-6.90,-344.79,-50.63
-20.70,-359.78,-50.64
-27.60,-344.79,-50.63
-34.50,-344.79,-50.63
-40.50,-299.82,-50.53
-46.20,-284.83,-50.47
-56.40,-254.85,-50.28
-60.90,-224.86,-49.91
-65.70,-239.85,-50.13
-69.60,-194.88,-49.22
-73.50,-194.88,-49.23
-79.50,-149.91,-46.92
-81.90,-119.93,-43.73
-83.70,-89.95,-38.18
-85.50,-89.95,-38.18
-86.70,-59.96,-29.22
-87.90,-59.96,-29.22
-90.90,-89.95,-38.20
-92.70,-89.95,-38.20
-94.20,-74.95,-34.21
-95.10,-44.97,-23.26
-95.10,0.00,-0.55
-94.80,14.99,7.58
-93.60,59.96,28.45
-92.40,59.96,28.45
-91.50,44.97,22.37
-90.60,44.97,22.37
-90.00,29.98,15.35
-88.80,59.96,28.47
-87.30,74.95,33.55
-85.20,104.94,40.87
-80.40,119.93,43.35
-77.40,149.91,46.64
-75.00,119.93,43.36
-72.00,149.91,46.64
-68.40,179.89,48.45
-64.80,179.89,48.46
-60.30,224.86,49.73
-55.50,239.85,49.95
-50.40,254.85,50.10
-45.30,254.85,50.10
-39.90,269.84,50.22
-27.60,314.81,50.40
-21.00,329.80,50.44
-14.10,344.79,50.46
-7.20,344.79,50.46
0.00,359.78,50.48
7.20,359.78,50.48
14.10,344.79,50.46
21.30,359.78,50.48
28.20,344.79,50.46
34.80,329.80,50.44
41.40,329.80,50.44
47.10,284.83,50.30
52.80,284.83,50.31
58.20,269.84,50.22
63.00,239.85,49.96
67.80,239.85,49.96
71.70,194.88,49.06
75.60,194.88,49.06
78.60,149.91,46.75
81.60,149.91,46.75
84.60,149.91,46.75
87.00,119.93,43.56
91.20,104.94,41.15
93.00,89.95,38.02
94.80,89.95,38.02
96.60,89.95,38.03
98.10,74.95,34.03
99.00,44.97,23.09
99.60,29.98,16.16
99.60,29.98,16.16
99.30,-14.99,-7.76
98.70,-29.98,-15.51
98.10,-29.98,-15.51
97.50,-29.98,-15.52
96.30,-59.96,-28.63
95.10,-59.96,-28.63
93.30,-89.95,-37.81
91.50,-89.95,-37.82
89.70,-89.95,-37.82
87.90,-89.95,-37.82
86.10,-89.95,-37.83
83.70,-119.93,-43.53
77.70,-164.90,-47.85
74.40,-164.90,-47.86
70.50,-194.88,-49.19
66.30,-209.87,-49.60
62.10,-209.87,-49.60
57.30,-239.85,-50.11
46.50,-269.84,-50.39
40.80,-284.83,-50.47
34.50,-314.81,-50.57
27.90,-329.80,-50.60
21.60,-314.81,-50.57
14.70,-344.79,-50.63
8.10,-329.80,-50.60
1.50,-329.80,-50.60
-12.30,-359.78,-50.64
-19.50,-359.78,-50.64
-26.40,-344.79,-50.63
-33.00,-329.80,-50.60
-38.70,-284.83,-50.47
-49.50,-269.84,-50.39
-54.90,-269.84,-50.39
-59.70,-239.85,-50.13
-63.90,-209.87,-49.62
-68.10,-209.87,-49.62
-75.30,-179.89,-48.68
-78.30,-149.91,-46.92
-80.70,-119.93,-43.73
-83.10,-119.93,-43.73
-84.90,-89.95,-38.18
-86.10,-59.96,-29.21
-88.50,-59.96,-29.22
-89.70,-59.96,-29.23
-91.50,-89.95,-38.20
-92.70,-59.96,-29.23
-93.90,-59.96,-29.24
-94.20,-14.99,-8.65
-93.90,14.99,7.59
-93.00,44.97,22.36
-91.80,59.96,28.46
-90.00,44.97,22.37
-89.40,29.98,15.35
-88.20,59.96,28.47
-87.00,59.96,28.47
-85.20,89.95,37.65
-82.80,119.93,43.35
-80.40,119.93,43.35
-77.70,134.92,45.24
-75.00,134.92,45.24
-72.00,149.91,46.64
-69.00,149.91,46.65
-64.80,209.87,49.43
-60.60,209.87,49.43
-55.80,239.85,49.95
-45.60,269.84,50.22
-40.20,269.84,50.22
-34.20,299.82,50.36
-27.60,329.80,50.44
-21.00,329.80,50.44
-14.40,329.80,50.44
-7.20,359.78,50.48
-0.30,344.79,50.46
7.20,374.77,50.49
14.40,359.78,50.48
21.60,359.78,50.48
28.80,359.78,50.48
34.20,269.84,50.22
40.50,314.81,50.41
46.20,284.83,50.30
52.20,299.82,50.36
62.70,254.85,50.11
67.80,254.85,50.11
72.00,209.87,49.46
75.60,179.89,48.51
79.20,179.89,48.51
81.90,134.92,45.38
84.60,134.92,45.39
87.00,119.93,43.56
89.10,104.94,41.15
91.20,104.94,41.15
93.60,119.93,43.57
95.40,89.95,38.02
97.50,104.94,41.16
99.00,74.95,34.03
99.90,44.97,23.09
100.20,14.99,8.48
100.20,0.00,0.38
99.60,-29.98,-15.51
99.30,-14.99,-7.76
99.00,-14.99,-7.76
98.10,-44.97,-22.54
97.20,-44.97,-22.54
96.00,-59.96,-28.63
94.20,-89.95,-37.81
92.40,-89.95,-37.81
88.50,-104.94,-41.04
86.40,-104.94,-41.05
84.60,-89.95,-37.83
82.20,-119.93,-43.53
79.20,-149.91,-46.81
76.20,-149.91,-46.81
72.60,-179.89,-48.62
64.50,-194.88,-49.19
61.20,-164.90,-47.86
57.60,-179.89,-48.63
54.30,-164.90,-47.87
50.40,-194.88,-49.19
46.20,-209.87,-49.60
41.70,-224.86,-49.90
33.00,-209.87,-49.60
28.80,-209.87,-49.60
24.30,-224.86,-49.90
19.80,-224.86,-49.90
16.20,-179.89,-48.64
12.00,-209.87,-49.61
8.10,-194.88,-49.20
0.60,-179.89,-48.65
-2.70,-164.90,-47.90
-6.00,-164.90,-47.90
-9.00,-149.91,-46.87
-11.70,-134.92,-45.49
-13.80,-104.94,-41.21
-15.60,-89.95,-38.04
-18.00,-59.96,-29.00
-18.60,-29.98,-16.01
-19.20,-29.98,-16.02
-19.80,-29.98,-16.02
-20.40,-29.98,-16.02
-20.70,-14.99,-8.32
-21.00,-14.99,-8.32
-20.70,14.99,7.93
-20.70,0.00,-0.20
-20.70,0.00,-0.20
-19.80,29.98,15.65
-19.20,29.98,15.66
-18.30,44.97,22.65
-17.40,44.97,22.65
-16.50,44.97,22.65
-15.60,44.97,22.66
-14.40,59.96,28.71
-12.90,74.95,33.74
-11.40,74.95,33.75
-10.20,59.96,28.72
-9.00,59.96,28.72
-7.80,59.96,28.73
-6.00,89.95,37.81
-3.90,104.94,41.00
-1.50,119.93,43.45
1.20,134.92,45.31
4.20,149.91,46.70
7.80,179.89,48.48
10.20,119.93,43.47
12.30,104.94,41.03
13.80,74.95,33.81
15.00,59.96,28.80
16.20,59.96,28.80
17.70,74.95,33.82
19.20,74.95,33.83
21.30,104.94,41.04
23.40,104.94,41.05
25.50,104.94,41.05
27.60,104.94,41.05
29.70,104.94,41.06
31.50,89.95,37.89
32.40,44.97,22.84
31.80,-29.98,-15.80
30.60,-59.96,-28.84
29.40,-59.96,-28.85
28.20,-59.96,-28.85
27.00,-29.98,-15.82
27.30,14.99,8.15
27.90,29.98,15.86
28.20,14.99,8.15
28.20,14.99,8.15
28.80,29.98,15.86
28.80,0.00,0.04
27.60,-59.96,-28.85
26.40,-59.96,-28.86
22.80,-89.95,-37.96
20.70,-104.94,-41.15
18.90,-89.95,-37.97
17.40,-74.95,-33.92
16.50,-44.97,-22.85
15.60,-44.97,-22.85
14.40,-59.96,-28.89
13.20,-59.96,-28.90
11.40,-89.95,-37.98
9.00,-119.93,-43.62
6.30,-134.92,-45.48
0.60,-134.92,-45.48
-1.50,-104.94,-41.19
-3.00,-74.95,-33.97
-4.20,-59.96,-28.95
-5.40,-59.96,-28.96
-6.60,-59.96,-28.96
-8.70,-104.94,-41.20
-10.80,-104.94,-41.20
-16.80,-149.91,-46.88
-19.80,-149.91,-46.88
-22.20,-119.93,-43.66
-23.40,-59.96,-29.01
-23.40,0.00,-0.21
-22.80,29.98,15.64
-22.80,0.00,-0.21
-22.50,14.99,7.92
-22.80,-14.99,-8.33
-23.40,-29.98,-16.03
-24.30,-29.98,-16.04
-24.30,0.00,-0.21
-23.40,44.97,22.63
-22.20,59.96,28.68
-20.40,89.95,37.78
-18.60,89.95,37.79
-17.10,74.95,33.73
-15.60,74.95,33.74
-13.80,89.95,37.80
-12.60,59.96,28.71
-10.80,89.95,37.80
-9.00,89.95,37.81
-6.60,119.93,43.45
-4.20,119.93,43.45
-1.50,134.92,45.31
1.20,134.92,45.31
3.30,104.94,41.01
5.40,104.94,41.02
7.80,119.93,43.46
9.90,104.94,41.02
12.60,134.92,45.32
15.00,119.93,43.47
17.10,104.94,41.03
19.20,104.94,41.04
21.00,89.95,37.87
22.80,89.95,37.87
24.60,89.95,37.88
26.10,74.95,33.84
27.60,74.95,33.85
29.10,74.95,33.85
30.30,59.96,28.85
31.20,44.97,22.83
31.80,29.98,15.87
32.40,29.98,15.88
33.00,29.98,15.88
33.60,29.98,15.88
33.60,0.00,0.06
33.30,-14.99,-8.07
33.00,-14.99,-8.07
33.00,0.00,0.06
32.40,-29.98,-15.79
31.80,-29.98,-15.80
30.90,-44.97,-22.79
30.00,-44.97,-22.79
28.80,-59.96,-28.85
27.60,-59.96,-28.85
25.20,-59.96,-28.86
23.40,-89.95,-37.96
22.20,-59.96,-28.87
20.40,-89.95,-37.97
18.60,-89.95,-37.97
17.10,-74.95,-33.92
15.60,-74.95,-33.92
13.80,-89.95,-37.98
12.00,-89.95,-37.98
9.90,-104.94,-41.17
5.40,-119.93,-43.62
3.30,-104.94,-41.18
1.20,-104.94,-41.18
-0.90,-104.94,-41.19
-3.00,-104.94,-41.19
-4.80,-89.95,-38.02
-6.60,-89.95,-38.02
-8.40,-89.95,-38.03
-10.20,-89.95,-38.03
-13.80,-89.95,-38.04
-15.00,-59.96,-28.99
-16.50,-74.95,-34.00
-17.70,-59.96,-29.00
-18.90,-59.96,-29.00
-19.80,-44.97,-22.98
-21.00,-59.96,-29.01
-22.20,-29.98,-16.03
-22.50,-14.99,-8.32
-22.80,-14.99,-8.33
-22.80,0.00,-0.21
-23.10,-14.99,-8.33
-23.10,0.00,-0.21
-22.50,29.98,15.64
-22.20,14.99,7.92
-21.60,29.98,15.65
-21.00,29.98,15.65
-20.10,44.97,22.64
-19.20,44.97,22.64
-18.30,44.97,22.65
-17.10,59.96,28.70
-15.90,59.96,28.70
-14.40,74.95,33.74
-12.90,74.95,33.74
-11.40,74.95,33.75
-9.90,74.95,33.75
-8.10,89.95,37.81
-6.60,74.95,33.76
-4.80,89.95,37.82
-3.00,89.95,37.82
-1.50,74.95,33.77
0.30,89.95,37.83
2.10,89.95,37.83
3.60,74.95,33.79
5.10,74.95,33.79
6.30,59.96,28.77
7.80,74.95,33.80
9.30,74.95,33.80
10.50,59.96,28.79
11.70,59.96,28.79
12.90,59.96,28.79
14.10,59.96,28.80
15.30,59.96,28.80
16.20,44.97,22.78
17.10,44.97,22.78
17.70,29.98,15.81
18.30,29.98,15.82
18.90,29.98,15.82
19.50,29.98,15.82
19.50,0.00,-0.01
19.50,0.00,-0.01
19.80,14.99,8.11
19.80,0.00,-0.01
19.50,-14.99,-8.13
19.20,-14.99,-8.13
18.60,-29.98,-15.85
18.00,-29.98,-15.86
17.40,-29.98,-15.86
16.80,-29.98,-15.86
15.90,-44.97,-22.85
15.00,-44.97,-22.85
14.10,-44.97,-22.85
12.90,-59.96,-28.90
11.70,-59.96,-28.90
10.50,-59.96,-28.91
7.80,-74.95,-33.94
6.60,-59.96,-28.92
5.40,-59.96,-28.92
4.20,-59.96,-28.93
2.70,-74.95,-33.95
1.20,-74.95,-33.96
0.00,-59.96,-28.94
-1.80,-89.95,-38.01
-3.00,-59.96,-28.95
-4.80,-89.95,-38.02
-6.00,-59.96,-28.96
-7.50,-74.95,-33.98
-8.70,-59.96,-28.97
-9.60,-44.97,-22.94
-12.00,-59.96,-28.98
-13.20,-59.96,-28.98
-14.10,-44.97,-22.96
-15.00,-44.97,-22.96
-15.60,-29.98,-16.00
-16.20,-29.98,-16.00
-16.80,-29.98,-16.00
-17.40,0.00,-0.18
-18.00,-29.98,-16.01
-18.00,0.00,-0.18
-18.00,0.00,-0.18
-17.70,14.99,7.94
-17.70,0.00,-0.18
-17.10,29.98,15.66
-17.10,0.00,-0.18
-16.50,29.98,15.67
-15.90,29.98,15.67
-15.00,44.97,22.66
-14.10,44.97,22.66
-13.20,44.97,22.67
-12.30,44.97,22.67
-11.10,59.96,28.72
-9.90,59.96,28.72
-8.70,59.96,28.72
-7.50,59.96,28.73
-6.30,59.96,28.73
-5.10,59.96,28.74
-3.60,74.95,33.77
-2.10,74.95,33.77
-0.90,59.96,28.75
0.90,89.95,37.83
2.10,59.96,28.76
3.60,74.95,33.79
5.10,74.95,33.79
6.30,59.96,28.77
7.50,59.96,28.78
9.00,74.95,33.80
9.00,74.95,33.80
10.20,59.96,28.78
11.40,59.96,28.79
12.30,44.97,22.76
13.50,59.96,28.79
14.40,44.97,22.77
15.30,44.97,22.77
15.90,29.98,15.81
16.50,29.98,15.81
17.10,29.98,15.81
17.40,14.99,8.10
17.70,14.99,8.10
17.70,0.00,-0.02
17.70,0.00,-0.02
17.70,0.00,-0.02
17.70,0.00,-0.02
17.70,0.00,-0.02
17.70,0.00,-0.02
17.70,0.00,-0.02
17.10,-29.98,-15.86
16.50,-29.98,-15.86
15.90,-29.98,-15.87
15.30,-29.98,-15.87
14.70,-29.98,-15.87
13.50,-59.96,-28.90
12.60,-44.97,-22.86
11.40,-59.96,-28.90
9.30,-59.96,-28.91
8.10,-59.96,-28.91
6.90,-59.96,-28.92
5.40,-74.95,-33.95
4.20,-59.96,-28.93
2.70,-74.95,-33.95
1.50,-59.96,-28.94
0.30,-59.96,-28.94
-1.20,-74.95,-33.96
-2.70,-74.95,-33.97
-3.90,-59.96,-28.95
-5.10,-59.96,-28.96
-6.30,-59.96,-28.96
-7.50,-59.96,-28.96
-8.70,-59.96,-28.97
-9.90,-59.96,-28.97
-11.70,-59.96,-28.98
-12.30,-29.98,-15.99
-13.20,-44.97,-22.96
-14.10,-44.97,-22.96
-14.70,-29.98,-16.00
-15.00,-14.99,-8.29
-15.30,-14.99,-8.29
-15.90,0.00,-0.17
-15.90,0.00,-0.17
-15.90,0.00,-0.17
-15.90,0.00,-0.17
-15.60,14.99,7.95
-15.30,14.99,7.95
-15.30,0.00,-0.17
-14.70,29.98,15.67
-14.40,14.99,7.96
-13.80,29.98,15.68
-12.90,44.97,22.67
-11.70,29.98,15.69
-10.50,59.96,28.72
-9.60,44.97,22.68
-8.70,44.97,22.68
-7.50,59.96,28.73
-6.30,59.96,28.73
-5.10,59.96,28.74
-3.90,59.96,28.74
-2.70,59.96,28.74
-1.50,59.96,28.75
-0.30,59.96,28.75
1.20,74.95,33.78
1.20,74.95,33.78
2.70,74.95,33.78
3.90,59.96,28.76
5.10,59.96,28.77
6.30,59.96,28.77
7.50,59.96,28.78
8.70,59.96,28.78
9.90,59.96,28.78
11.10,59.96,28.79
12.30,59.96,28.79
12.90,29.98,15.79
14.10,59.96,28.80
14.70,29.98,15.80
15.60,44.97,22.77
16.50,44.97,22.78
16.80,14.99,8.10
17.40,29.98,15.81
17.70,14.99,8.10
18.30,29.98,15.82
18.30,0.00,-0.01
18.30,0.00,-0.01
18.30,0.00,-0.01
18.30,0.00,-0.01
18.00,-14.99,-8.14
17.70,-14.99,-8.14
17.40,-14.99,-8.14
17.10,-14.99,-8.14
16.50,-29.98,-15.86
15.90,-29.98,-15.87
15.00,-44.97,-22.85
14.10,-44.97,-22.85
13.50,-29.98,-15.88
12.30,-59.96,-28.90
11.40,-44.97,-22.86
10.50,-44.97,-22.87
9.30,-59.96,-28.91
8.10,-59.96,-28.91
5.70,-59.96,-28.92
4.50,-59.96,-28.93
3.30,-59.96,-28.93
1.80,-74.95,-33.96
0.60,-59.96,-28.94
-0.90,-74.95,-33.96
-2.10,-59.96,-28.95
-3.30,-59.96,-28.95
-4.50,-59.96,-28.95
-5.70,-59.96,-28.96
-6.90,-59.96,-28.96
-7.80,-44.97,-22.94
-8.70,-44.97,-22.94
-9.90,-59.96,-28.97
-11.70,-44.97,-22.95
-12.30,-29.98,-15.99
-12.90,-29.98,-15.99
-13.80,-44.97,-22.96
-14.10,-14.99,-8.29
-14.70,-29.98,-16.00
-15.00,-14.99,-8.29
-15.30,-14.99,-8.29
-15.30,0.00,-0.17
-15.30,0.00,-0.17
-15.00,14.99,7.95
-14.70,14.99,7.96
-14.40,14.99,7.96
-14.10,14.99,7.96
-13.50,29.98,15.68
-12.90,29.98,15.68
-12.00,44.97,22.67
-11.10,44.97,22.67
-10.50,29.98,15.69
-9.30,59.96,28.72
-8.70,29.98,15.70
-7.50,59.96,28.73
-6.30,59.96,28.73
-5.10,59.96,28.74
-3.90,59.96,28.74
-2.70,59.96,28.74
-1.50,59.96,28.75
-0.30,59.96,28.75
0.90,59.96,28.75
2.10,59.96,28.76
2.10,59.96,28.76
3.30,59.96,28.76
4.80,74.95,33.79
6.00,59.96,28.77
7.20,59.96,28.77
8.40,59.96,28.78
9.60,59.96,28.78
10.50,44.97,22.76
11.70,59.96,28.79
12.60,44.97,22.76
13.50,44.97,22.77
14.10,29.98,15.80
15.00,44.97,22.77
15.60,29.98,15.80
16.20,29.98,15.81
16.80,29.98,15.81
17.10,14.99,8.10
17.70,29.98,15.81
17.70,0.00,-0.02
17.70,0.00,-0.02
17.70,0.00,-0.02
17.70,0.00,-0.02
17.40,-14.99,-8.14
17.10,-14.99,-8.14
16.80,-14.99,-8.14
16.50,-14.99,-8.14
15.90,-29.98,-15.87
15.30,-29.98,-15.87
14.40,-44.97,-22.85
13.50,-44.97,-22.86
12.90,-29.98,-15.88
11.70,-59.96,-28.90
11.10,-29.98,-15.89
9.90,-59.96,-28.91
7.50,-59.96,-28.92
6.60,-44.97,-22.88
5.40,-59.96,-28.92
4.50,-44.97,-22.89
3.30,-59.96,-28.93
1.80,-74.95,-33.96
0.60,-59.96,-28.94
-0.60,-59.96,-28.94
-1.80,-59.96,-28.95
-2.70,-44.97,-22.92
-3.90,-59.96,-28.95
-5.10,-59.96,-28.96
-6.30,-59.96,-28.96
-7.20,-44.97,-22.93
-8.10,-44.97,-22.94
-9.90,-29.98,-15.98
-10.80,-44.97,-22.95
-11.40,-29.98,-15.98
-12.30,-44.97,-22.95
-12.90,-29.98,-15.99
-13.20,-14.99,-8.28
-13.50,-14.99,-8.28
-13.80,-14.99,-8.28
-14.10,0.00,-0.17
-14.10,0.00,-0.17
-14.10,0.00,-0.17
-14.10,0.00,-0.17
-13.80,0.00,-0.16
-13.80,0.00,-0.16
-13.20,29.98,15.68
-12.60,14.99,7.96
-12.00,29.98,15.69