0.00,0.00,-0.21
0.00,0.00,-0.21
0.00,0.00,-0.21
0.00,0.00,-0.21
0.00,0.00,-0.21
0.00,0.00,-0.21
0.00,0.00,-0.21
0.00,0.00,-0.21
0.00,0.00,-0.21
0.00,0.00,-0.21
0.00,0.00,-0.21
0.00,0.00,-0.21
0.00,0.00,-0.21
0.00,0.00,-0.21
0.00,0.00,-0.21
0.00,0.00,-0.21
0.00,0.00,-0.21
0.00,0.00,-0.21
0.00,0.00,-0.21
0.00,0.00,-0.21
0.00,0.00,-0.21
0.00,0.00,-0.21
0.00,0.00,-0.21
0.00,0.00,-0.21
0.00,0.00,-0.21
0.00,0.00,-0.21
0.00,0.00,-0.21
0.00,0.00,-0.21
0.00,0.00,-0.21
0.00,0.00,-0.21
0.00,0.00,-0.21
0.00,0.00,-0.21
0.00,0.00,-0.21
0.00,0.00,-0.21
0.00,0.00,-0.21
0.00,0.00,-0.21
0.00,0.00,-0.21
0.00,0.00,-0.21
0.00,0.00,-0.21
0.00,0.00,-0.21
0.00,0.00,-0.21
0.00,0.00,-0.21
0.00,0.00,-0.21
0.00,0.00,-0.21
0.00,0.00,-0.21
0.00,0.00,-0.21
0.00,0.00,-0.21
0.00,0.00,-0.21
0.00,0.00,-0.21
0.00,0.00,-0.21
0.00,0.00,-0.21
0.00,0.00,-0.21
0.00,0.00,-0.21
0.00,0.00,-0.21
0.00,0.00,-0.21
0.00,0.00,-0.21
0.00,0.00,-0.21
0.00,0.00,-0.21
0.00,0.00,-0.21
0.00,0.00,-0.21
0.00,0.00,-0.21
0.00,0.00,-0.21
0.00,0.00,-0.21
0.00,0.00,-0.21
0.00,0.00,-0.21
0.00,0.00,-0.21
0.00,0.00,-0.21
0.00,0.00,-0.21
0.00,0.00,-0.21
0.00,0.00,-0.21
0.00,0.00,-0.21
0.00,0.00,-0.21
0.00,0.00,-0.21
0.00,0.00,-0.21
0.00,0.00,-0.21
0.00,0.00,-0.21
0.00,0.00,-0.21
0.00,0.00,-0.21
0.00,0.00,-0.21
0.00,0.00,-0.21
0.00,0.00,-0.21
0.00,0.00,-0.21
0.00,0.00,-0.21
0.00,0.00,-0.21
0.00,0.00,-0.21
0.00,0.00,-0.21
0.00,0.00,-0.21
0.00,0.00,-0.21
0.00,0.00,-0.21
0.00,0.00,-0.21
0.00,0.00,-0.21
0.00,0.00,-0.21
0.60,14.99,-1.82
0.60,14.99,-1.82
1.80,29.98,-5.05
1.80,29.98,-5.05
3.00,29.98,-8.29
3.00,29.98,-8.29
3.00,29.98,-8.29
4.20,29.98,-11.54
4.20,29.98,-11.54
4.80,14.99,-13.17
4.80,14.99,-13.17
4.80,0.00,-13.17
4.80,0.00,-13.17
5.40,14.99,-14.80
5.40,14.99,-14.80
6.00,14.99,-16.43
6.00,14.99,-16.43
6.00,0.00,-16.43
6.00,0.00,-16.43
6.00,0.00,-16.43
6.00,0.00,-16.43
6.00,0.00,-16.43
6.00,0.00,-16.43
6.60,14.99,-18.07
6.60,14.99,-18.07
6.60,0.00,-18.07
6.60,0.00,-18.07
6.00,-14.99,-16.43
6.00,-14.99,-16.43
6.30,7.50,-17.25
6.30,7.50,-17.25
6.00,-7.50,-16.43
6.00,-7.50,-16.43
6.00,0.00,-16.43
6.00,0.00,-16.43
6.00,0.00,-16.43
5.40,-14.99,-14.80
5.40,-14.99,-14.80
5.70,7.50,-15.62
5.70,7.50,-15.62
5.70,0.00,-15.62
5.70,0.00,-15.62
5.10,-14.99,-13.98
5.10,-14.99,-13.98
4.50,-14.99,-12.35
4.50,-14.99,-12.35
4.80,7.50,-13.17
4.80,7.50,-13.17
4.80,0.00,-13.17
4.80,0.00,-13.17
4.50,-7.50,-12.35
4.50,-7.50,-12.35
4.20,-7.50,-11.54
4.20,-7.50,-11.54
4.20,0.00,-11.54
4.20,0.00,-11.54
4.20,0.00,-11.54
4.20,0.00,-11.54
3.60,-14.99,-9.91
3.60,-14.99,-9.91
3.60,0.00,-9.91
3.60,0.00,-9.91
3.90,7.50,-10.73
3.90,7.50,-10.73
3.90,7.50,-10.73
4.20,7.50,-11.54
4.20,7.50,-11.54
4.20,0.00,-11.54
4.20,0.00,-11.54
3.90,-7.50,-10.73
3.90,-7.50,-10.73
4.50,14.99,-12.35
4.50,14.99,-12.35
5.10,14.99,-13.98
5.10,14.99,-13.98
5.40,7.50,-14.80
5.40,7.50,-14.80
5.70,7.50,-15.62
5.70,7.50,-15.62
6.30,14.99,-17.25
6.30,14.99,-17.25
6.90,14.99,-18.89
6.90,14.99,-18.89
7.50,14.99,-20.53
7.50,14.99,-20.53
8.10,14.99,-22.17
8.10,14.99,-22.17
8.40,7.50,-22.99
8.40,7.50,-22.99
9.00,14.99,-24.63
9.00,14.99,-24.63
9.30,7.50,-25.46
9.30,7.50,-25.46
9.30,7.50,-25.46
9.90,14.99,-27.10
9.90,14.99,-27.10
10.50,14.99,-28.75
10.50,14.99,-28.75
10.50,0.00,-28.75
10.50,0.00,-28.75
10.50,0.00,-28.75
10.50,0.00,-28.75
10.50,0.00,-28.75
10.50,0.00,-28.75
10.20,-7.50,-27.93
10.20,-7.50,-27.93
9.90,-7.50,-27.10
9.90,-7.50,-27.10
9.30,-14.99,-25.46
9.30,-14.99,-25.46
9.00,-7.50,-24.63
9.00,-7.50,-24.63
8.70,-7.50,-23.81
8.70,-7.50,-23.81
7.50,-29.98,-20.53
7.50,-29.98,-20.53
6.90,-14.99,-18.89
6.30,-14.99,-17.25
6.30,-14.99,-17.25
5.10,-29.98,-13.98
5.10,-29.98,-13.98
3.90,-29.98,-10.73
3.90,-29.98,-10.73
2.70,-29.98,-7.48
2.70,-29.98,-7.48
1.50,-29.98,-4.24
1.50,-29.98,-4.24
0.90,-14.99,-2.62
0.90,-14.99,-2.62
0.00,-22.49,-0.21
0.00,-22.49,-0.21
-0.90,-22.49,2.21
-0.90,-22.49,2.21
-1.50,-14.99,3.81
-1.50,-14.99,3.81
-1.80,-7.50,4.62
-1.80,-7.50,4.62
-2.10,-7.50,5.42
-2.10,-7.50,5.42
-2.10,-7.50,5.42
-2.10,0.00,5.42
-2.10,0.00,5.42
-1.50,14.99,3.81
-1.50,14.99,3.81
-0.90,14.99,2.21
-0.90,14.99,2.21
-0.30,14.99,0.60
-0.30,14.99,0.60
0.30,14.99,-1.01
0.30,14.99,-1.01
1.50,29.98,-4.24
1.50,29.98,-4.24
1.50,29.98,-4.24
2.70,29.98,-7.48
2.70,29.98,-7.48
4.50,44.97,-12.35
4.50,44.97,-12.35
5.70,29.98,-15.62
5.70,29.98,-15.62
6.90,29.98,-18.89
6.90,29.98,-18.89
8.10,29.98,-22.17
8.10,29.98,-22.17
9.30,29.98,-25.46
9.30,29.98,-25.46
10.80,37.48,-29.58
10.80,37.48,-29.58
12.00,29.98,-32.89
12.00,29.98,-32.89
12.90,22.49,-35.38
12.90,22.49,-35.38
14.10,29.98,-38.71
14.10,29.98,-38.71
14.70,14.99,-40.37
14.70,14.99,-40.37
15.30,14.99,-42.04
15.90,14.99,-43.71
15.90,14.99,-43.71
15.90,0.00,-43.71
15.90,0.00,-43.71
15.90,0.00,-43.71
15.90,0.00,-43.71
15.30,-14.99,-42.04
15.30,-14.99,-42.04
14.40,-22.49,-39.54
14.40,-22.49,-39.54
13.20,-29.98,-36.21
13.20,-29.98,-36.21
12.00,-29.98,-32.89
12.00,-29.98,-32.89
10.80,-29.98,-29.58
10.80,-29.98,-29.58
8.70,-52.47,-23.81
6.00,-67.46,-16.43
6.00,-67.46,-16.43
3.90,-52.47,-10.73
3.90,-52.47,-10.73
1.20,-67.46,-3.43
1.20,-67.46,-3.43
-1.80,-74.95,4.62
-1.80,-74.95,4.62
-4.20,-59.96,11.01
-4.20,-59.96,11.01
-6.00,-44.97,15.79
-6.00,-44.97,15.79
-7.20,-29.98,18.96
-7.20,-29.98,18.96
-8.10,-22.49,21.33
-8.10,-22.49,21.33
-9.30,-29.98,24.48
-9.30,-29.98,24.48
-10.20,-22.49,26.84
-10.20,-22.49,26.84
-10.20,0.00,26.84
-10.20,0.00,26.84
-9.60,14.99,25.27
-9.60,14.99,25.27
-9.00,14.99,23.70
-9.00,14.99,23.70
-7.80,29.98,20.54
-7.80,29.98,20.54
-6.00,44.97,15.79
-6.00,44.97,15.79
-4.20,44.97,11.01
-4.20,44.97,11.01
-2.10,52.47,5.42
-2.10,52.47,5.42
0.60,67.46,-1.82
0.60,67.46,-1.82
3.60,74.95,-9.91
3.60,74.95,-9.91
6.60,74.95,-18.07
6.60,74.95,-18.07
9.60,74.95,-26.28
9.60,74.95,-26.28
12.30,67.46,-33.72
12.30,67.46,-33.72
15.00,67.46,-41.21
15.00,67.46,-41.21
17.70,67.46,-48.74
17.70,67.46,-48.74
20.40,67.46,-56.32
20.40,67.46,-56.32
22.80,59.96,-63.09
22.80,59.96,-63.09
24.60,44.97,-68.20
24.60,44.97,-68.20
25.80,29.98,-71.61
25.80,29.98,-71.61
27.00,29.98,-75.04
27.00,29.98,-75.04
27.60,14.99,-76.75
27.60,14.99,-76.75
27.60,0.00,-76.75
27.60,0.00,-76.75
27.30,-7.50,-75.89
27.30,-7.50,-75.89
26.70,-14.99,-74.18
24.90,-44.97,-69.05
24.90,-44.97,-69.05
22.50,-59.96,-62.24
22.50,-59.96,-62.24
18.90,-89.95,-52.10
18.90,-89.95,-52.10
15.30,-89.95,-42.04
15.30,-89.95,-42.04
11.70,-89.95,-32.06
11.70,-89.95,-32.06
7.20,-112.43,-19.71
2.40,-119.93,-6.67
2.40,-119.93,-6.67
-2.70,-127.42,7.02
-2.70,-127.42,7.02
-7.20,-112.43,18.96
-7.20,-112.43,18.96
-10.80,-89.95,28.41
-10.80,-89.95,28.41
-13.80,-74.95,36.23
-13.80,-74.95,36.23
-16.50,-67.46,43.21
-16.50,-67.46,43.21
-18.30,-44.97,47.84
-18.90,-14.99,49.38
-18.90,-14.99,49.38
-19.80,-22.49,51.68
-19.80,-22.49,51.68
-20.70,-22.49,53.98
-20.70,-22.49,53.98
-20.40,7.50,53.22
-20.40,7.50,53.22
-19.20,29.98,50.15
-19.20,29.98,50.15
-16.80,59.96,43.99
-16.80,59.96,43.99
-13.50,82.45,35.45
-13.50,82.45,35.45
-9.60,97.44,25.27
-9.60,97.44,25.27
-5.10,112.43,13.40
-5.10,112.43,13.40
0.60,142.41,-1.82
0.60,142.41,-1.82
6.30,142.41,-17.25
6.30,142.41,-17.25
12.00,142.41,-32.89
16.80,119.93,-46.22
16.80,119.93,-46.22
21.60,119.93,-59.70
21.60,119.93,-59.70
25.20,89.95,-69.90
25.20,89.95,-69.90
27.60,59.96,-76.75
27.60,59.96,-76.75
30.00,59.96,-83.64
30.00,59.96,-83.64
32.40,59.96,-90.00
32.40,59.96,-90.00
34.20,44.97,-90.00
34.20,44.97,-90.00
34.80,14.99,-90.00
34.80,14.99,-90.00
34.50,-7.50,-90.00
34.50,-7.50,-90.00
33.90,-14.99,-90.00
32.40,-37.48,-90.00
32.40,-37.48,-90.00
30.60,-44.97,-85.36
30.60,-44.97,-85.36
27.60,-74.95,-76.75
27.60,-74.95,-76.75
24.60,-74.95,-68.20
24.60,-74.95,-68.20
21.00,-89.95,-58.01
21.00,-89.95,-58.01
16.50,-112.43,-45.38
11.10,-134.92,-30.41
11.10,-134.92,-30.41
4.80,-157.40,-13.17
4.80,-157.40,-13.17
-2.40,-179.89,6.22
-2.40,-179.89,6.22
-9.60,-179.89,25.27
-9.60,-179.89,25.27
-15.60,-149.91,40.89
-19.50,-97.44,50.92
-19.50,-97.44,50.92
-22.80,-82.45,59.32
-22.80,-82.45,59.32
-25.50,-67.46,66.15
-25.50,-67.46,66.15
-27.30,-44.97,70.67
-27.30,-44.97,70.67
-28.20,-22.49,72.92
-28.20,-22.49,72.92
-28.80,-14.99,74.42
-29.40,-14.99,75.92
-29.40,-14.99,75.92
-28.50,22.49,73.67
-28.50,22.49,73.67
-27.00,37.48,69.92
-27.00,37.48,69.92
-24.60,59.96,63.88
-24.60,59.96,63.88
-21.60,74.95,56.27
-21.60,74.95,56.27
-18.00,89.95,47.07
-18.00,89.95,47.07
-12.90,127.42,33.89
-12.90,127.42,33.89
-6.60,157.40,17.37
-6.60,157.40,17.37
1.20,194.88,-3.43
1.20,194.88,-3.43
9.30,202.38,-25.46
9.30,202.38,-25.46
16.80,187.39,-46.22
22.80,149.91,-63.09
22.80,149.91,-63.09
28.50,142.41,-79.33
28.50,142.41,-79.33
33.00,112.43,-90.00
33.00,112.43,-90.00
36.60,89.95,-90.00
36.60,89.95,-90.00
39.00,59.96,-90.00
39.00,59.96,-90.00
41.40,59.96,-90.00
41.40,59.96,-90.00
42.90,37.48,-90.00
42.90,37.48,-90.00
43.80,22.49,-90.00
43.80,22.49,-90.00
43.20,-14.99,-90.00
41.40,-44.97,-90.00
41.40,-44.97,-90.00
39.00,-59.96,-90.00
39.00,-59.96,-90.00
35.40,-89.95,-90.00
35.40,-89.95,-90.00
31.20,-104.94,-87.09
31.20,-104.94,-87.09
26.40,-119.93,-73.32
21.30,-127.42,-58.85
21.30,-127.42,-58.85
15.60,-142.41,-42.88
15.60,-142.41,-42.88
9.60,-149.91,-26.28
9.60,-149.91,-26.28
1.80,-194.88,-5.05
1.80,-194.88,-5.05
-6.90,-217.37,18.17
-15.60,-217.37,40.89
-15.60,-217.37,40.89
-23.40,-194.88,60.84
-23.40,-194.88,60.84
-28.80,-134.92,74.42
-28.80,-134.92,74.42
-33.00,-104.94,84.85
-36.90,-97.44,85.00
-36.90,-97.44,85.00
-39.30,-59.96,85.00
-39.30,-59.96,85.00
-41.10,-44.97,85.00
-41.10,-44.97,85.00
-42.00,-22.49,85.00
-42.00,-22.49,85.00
-42.60,-14.99,85.00
-42.60,-14.99,85.00
-41.40,29.98,85.00
-39.30,52.47,85.00
-39.30,52.47,85.00
-36.00,82.45,85.00
-36.00,82.45,85.00
-32.10,97.44,82.62
-32.10,97.44,82.62
-27.00,127.42,69.92
-27.00,127.42,69.92
-21.00,149.91,54.75
-21.00,149.91,54.75
-14.40,164.90,37.79
-14.40,164.90,37.79
-6.30,202.38,16.58
-6.30,202.38,16.58
2.40,217.37,-6.67
2.40,217.37,-6.67
12.00,239.85,-32.89
12.00,239.85,-32.89
21.00,224.86,-58.01
28.80,194.88,-80.19
28.80,194.88,-80.19
35.70,172.40,-90.00
35.70,172.40,-90.00
42.00,157.40,-90.00
42.00,157.40,-90.00
46.20,104.94,-90.00
46.20,104.94,-90.00
49.50,82.45,-90.00
49.50,82.45,-90.00
51.60,52.47,-90.00
53.40,44.97,-90.00
53.40,44.97,-90.00
54.60,29.98,-90.00
54.60,29.98,-90.00
54.00,-14.99,-90.00
54.00,-14.99,-90.00
52.20,-44.97,-90.00
52.20,-44.97,-90.00
49.20,-74.95,-90.00
49.20,-74.95,-90.00
45.00,-104.94,-90.00
45.00,-104.94,-90.00
39.60,-134.92,-90.00
33.60,-149.91,-90.00
33.60,-149.91,-90.00
26.40,-179.89,-73.32
26.40,-179.89,-73.32
19.20,-179.89,-52.94
19.20,-179.89,-52.94
11.40,-194.88,-31.23
3.30,-202.38,-9.10
3.30,-202.38,-9.10
-5.40,-217.37,14.20
-5.40,-217.37,14.20
-14.10,-217.37,37.01
-14.10,-217.37,37.01
-23.40,-232.36,60.84
-23.40,-232.36,60.84
-30.90,-187.39,79.65
-37.20,-157.40,85.00
-37.20,-157.40,85.00
-42.00,-119.93,85.00
-42.00,-119.93,85.00
-45.90,-97.44,85.00
-45.90,-97.44,85.00
-48.00,-52.47,85.00
-49.20,-29.98,85.00
-49.20,-29.98,85.00
-49.80,-14.99,85.00
-49.80,-14.99,85.00
-49.50,7.50,85.00
-49.50,7.50,85.00
-47.70,44.97,85.00
-47.70,44.97,85.00
-44.10,89.95,85.00
-44.10,89.95,85.00
-39.90,104.94,85.00
-39.90,104.94,85.00
-33.90,149.91,85.00
-33.90,149.91,85.00
-27.30,164.90,70.67
-27.30,164.90,70.67
-20.10,179.89,52.45
-11.70,209.87,30.77
-11.70,209.87,30.77
-2.70,224.86,7.02
-2.70,224.86,7.02
6.30,224.86,-17.25
6.30,224.86,-17.25
17.40,277.33,-47.90
17.40,277.33,-47.90
27.30,247.35,-75.89
27.30,247.35,-75.89
35.10,194.88,-90.00
35.10,194.88,-90.00
42.90,194.88,-90.00
49.20,157.40,-90.00
49.20,157.40,-90.00
53.70,112.43,-90.00
53.70,112.43,-90.00
57.60,97.44,-90.00
57.60,97.44,-90.00
60.30,67.46,-90.00
60.30,67.46,-90.00
63.00,67.46,-90.00
63.00,67.46,-90.00
63.90,22.49,-90.00
63.90,22.49,-90.00
62.70,-29.98,-90.00
62.70,-29.98,-90.00
60.60,-52.47,-90.00
57.30,-82.45,-90.00
57.30,-82.45,-90.00
52.50,-119.93,-90.00
52.50,-119.93,-90.00
45.90,-164.90,-90.00
45.90,-164.90,-90.00
38.10,-194.88,-90.00
38.10,-194.88,-90.00
29.70,-209.87,-82.77
20.70,-224.86,-57.16
20.70,-224.86,-57.16
11.40,-232.36,-31.23
11.40,-232.36,-31.23
2.10,-232.36,-5.86
2.10,-232.36,-5.86
-8.70,-269.84,22.91
-8.70,-269.84,22.91
-19.80,-277.33,51.68
-29.70,-247.35,76.67
-29.70,-247.35,76.67
-37.50,-194.88,85.00
-37.50,-194.88,85.00
-44.10,-164.90,85.00
-44.10,-164.90,85.00
-49.50,-134.92,85.00
-53.40,-97.44,85.00
-53.40,-97.44,85.00
-56.40,-74.95,85.00
-56.40,-74.95,85.00
-58.80,-59.96,85.00
-58.80,-59.96,85.00
-59.70,-22.49,85.00
-59.70,-22.49,85.00
-59.10,14.99,85.00
-59.10,14.99,85.00
-57.00,52.47,85.00
-53.70,82.45,85.00
-53.70,82.45,85.00
-48.60,127.42,85.00
-48.60,127.42,85.00
-42.90,142.41,85.00
-42.90,142.41,85.00
-35.70,179.89,85.00
-35.70,179.89,85.00
-27.90,194.88,72.17
-27.90,194.88,72.17
-18.90,224.86,49.38
-18.90,224.86,49.38
-9.00,247.35,23.70
0.00,224.86,-0.21
0.00,224.86,-0.21
9.30,232.36,-25.46
9.30,232.36,-25.46
19.50,254.85,-53.79
19.50,254.85,-53.79
30.30,269.84,-84.50
30.30,269.84,-84.50
39.30,224.86,-90.00
39.30,224.86,-90.00
46.50,179.89,-90.00
46.50,179.89,-90.00
52.50,149.91,-90.00
56.70,104.94,-90.00
56.70,104.94,-90.00
60.30,89.95,-90.00
60.30,89.95,-90.00
63.30,74.95,-90.00
63.30,74.95,-90.00
64.80,37.48,-90.00
64.80,37.48,-90.00
65.10,7.50,-90.00
65.10,7.50,-90.00
63.30,-44.97,-90.00
63.30,-44.97,-90.00
60.60,-67.46,-90.00
60.60,-67.46,-90.00
56.70,-97.44,-90.00
56.70,-97.44,-90.00
50.70,-149.91,-90.00
43.50,-179.89,-90.00
43.50,-179.89,-90.00
35.10,-209.87,-90.00
35.10,-209.87,-90.00
26.10,-224.86,-72.47
26.10,-224.86,-72.47
17.10,-224.86,-47.06
6.90,-254.85,-18.89
6.90,-254.85,-18.89
-2.40,-232.36,6.22
-2.40,-232.36,6.22
-11.70,-232.36,30.77
-11.70,-232.36,30.77
-22.50,-269.84,58.56
-22.50,-269.84,58.56
-33.30,-269.84,85.00
-42.30,-224.86,85.00
-42.30,-224.86,85.00
-49.80,-187.39,85.00
-49.80,-187.39,85.00
-56.10,-157.40,85.00
-56.10,-157.40,85.00
-60.90,-119.93,85.00
-63.60,-67.46,85.00
-63.60,-67.46,85.00
-65.70,-52.47,85.00
-65.70,-52.47,85.00
-66.90,-29.98,85.00
-66.90,-29.98,85.00
-67.20,-7.50,85.00
-67.20,-7.50,85.00
-65.40,44.97,85.00
-65.40,44.97,85.00
-61.80,89.95,85.00
-61.80,89.95,85.00
-57.30,112.43,85.00
-51.00,157.40,85.00
-51.00,157.40,85.00
-43.50,187.39,85.00
-43.50,187.39,85.00
-35.10,209.87,85.00
-35.10,209.87,85.00
-25.50,239.85,66.15
-25.50,239.85,66.15
-14.70,269.84,38.56
-14.70,269.84,38.56
-4.20,262.34,11.01
-4.20,262.34,11.01
5.40,239.85,-14.80
15.30,247.35,-42.04
15.30,247.35,-42.04
25.80,262.34,-71.61
25.80,262.34,-71.61
36.60,269.84,-90.00
36.60,269.84,-90.00
45.60,224.86,-90.00
45.60,224.86,-90.00
53.10,187.39,-90.00
53.10,187.39,-90.00
58.80,142.41,-90.00
63.00,104.94,-90.00
63.00,104.94,-90.00
65.70,67.46,-90.00
65.70,67.46,-90.00
67.80,52.47,-90.00
67.80,52.47,-90.00
69.60,44.97,-90.00
69.60,44.97,-90.00
69.00,-14.99,-90.00
69.00,-14.99,-90.00
66.60,-59.96,-90.00
66.60,-59.96,-90.00
63.00,-89.95,-90.00
63.00,-89.95,-90.00
58.20,-119.93,-90.00
51.60,-164.90,-90.00
51.60,-164.90,-90.00
43.50,-202.38,-90.00
43.50,-202.38,-90.00
34.20,-232.36,-90.00
34.20,-232.36,-90.00
23.40,-269.84,-64.79
12.60,-269.84,-34.55
12.60,-269.84,-34.55
1.80,-269.84,-5.05
1.80,-269.84,-5.05
-8.70,-262.34,22.91
-8.70,-262.34,22.91
-20.40,-292.32,53.22
-20.40,-292.32,53.22
-31.80,-284.83,81.88
-42.00,-254.85,85.00
-42.00,-254.85,85.00
-51.00,-224.86,85.00
-51.00,-224.86,85.00
-58.20,-179.89,85.00
-58.20,-179.89,85.00
-63.90,-142.41,85.00
-67.80,-97.44,85.00
-67.80,-97.44,85.00
-70.80,-74.95,85.00
-70.80,-74.95,85.00
-73.80,-74.95,85.00
-73.80,-74.95,85.00
-75.00,-29.98,85.00
-75.00,-29.98,85.00
-74.10,22.49,85.00
-74.10,22.49,85.00
-71.70,59.96,85.00
-67.80,97.44,85.00
-67.80,97.44,85.00
-62.40,134.92,85.00
-62.40,134.92,85.00
-55.20,179.89,85.00
-55.20,179.89,85.00
-46.50,217.37,85.00
-46.50,217.37,85.00
-36.60,247.35,85.00
-36.60,247.35,85.00
-25.50,277.33,66.15
-25.50,277.33,66.15
-13.80,292.32,36.23
-3.30,262.34,8.62
-3.30,262.34,8.62
6.30,239.85,-17.25
6.30,239.85,-17.25
16.80,262.34,-46.22
16.80,262.34,-46.22
27.90,277.33,-77.61
27.90,277.33,-77.61
38.10,254.85,-90.00
38.10,254.85,-90.00
47.10,224.86,-90.00
47.10,224.86,-90.00
54.30,179.89,-90.00
60.00,142.41,-90.00
60.00,142.41,-90.00
63.30,82.45,-90.00
63.30,82.45,-90.00
66.30,74.95,-90.00
66.30,74.95,-90.00
68.70,59.96,-90.00
68.70,59.96,-90.00
70.80,52.47,-90.00
70.80,52.47,-90.00
70.20,-14.99,-90.00
70.20,-14.99,-90.00
67.50,-67.46,-90.00
67.50,-67.46,-90.00
63.60,-97.44,-90.00
58.20,-134.92,-90.00
58.20,-134.92,-90.00
51.00,-179.89,-90.00
51.00,-179.89,-90.00
42.60,-209.87,-90.00
42.60,-209.87,-90.00
32.40,-254.85,-90.00
21.90,-262.34,-60.55
21.90,-262.34,-60.55
11.70,-254.85,-32.06
11.70,-254.85,-32.06
1.50,-254.85,-4.24
1.50,-254.85,-4.24
-9.30,-269.84,24.48
-9.30,-269.84,24.48
-21.00,-292.32,54.75
-32.10,-277.33,82.62
-32.10,-277.33,82.62
-40.80,-217.37,85.00
-40.80,-217.37,85.00
-45.00,-104.94,85.00
-45.00,-104.94,85.00
-47.70,-67.46,85.00
-47.70,-67.46,85.00
-51.00,-82.45,85.00
-53.70,-67.46,85.00
-53.70,-67.46,85.00
-55.80,-52.47,85.00
-55.80,-52.47,85.00
-55.50,7.50,85.00
-55.50,7.50,85.00
-54.30,29.98,85.00
-54.30,29.98,85.00
-51.90,59.96,85.00
-51.90,59.96,85.00
-48.60,82.45,85.00
-48.60,82.45,85.00
-43.50,127.42,85.00
-43.50,127.42,85.00
-37.50,149.91,85.00
-30.90,164.90,79.65
-30.90,164.90,79.65
-23.10,194.88,60.08
-23.10,194.88,60.08
-14.70,209.87,38.56
-14.70,209.87,38.56
-6.30,209.87,16.58
-6.30,209.87,16.58
1.80,202.38,-5.05
1.80,202.38,-5.05
10.50,217.37,-28.75
10.50,217.37,-28.75
19.50,224.86,-53.79
19.50,224.86,-53.79
27.90,209.87,-77.61
35.40,187.39,-90.00
35.40,187.39,-90.00
41.70,157.40,-90.00
41.70,157.40,-90.00
46.20,112.43,-90.00
46.20,112.43,-90.00
48.30,52.47,-90.00
48.30,52.47,-90.00
48.90,14.99,-90.00
48.90,14.99,-90.00
48.00,-22.49,-90.00
48.00,-22.49,-90.00
47.40,-14.99,-90.00
45.00,-59.96,-90.00
45.00,-59.96,-90.00
41.40,-89.95,-90.00
41.40,-89.95,-90.00
36.30,-127.42,-90.00
36.30,-127.42,-90.00
30.60,-142.41,-85.36
30.60,-142.41,-85.36
24.00,-164.90,-66.49
15.60,-209.87,-42.88
15.60,-209.87,-42.88
7.20,-209.87,-19.71
7.20,-209.87,-19.71
-0.30,-187.39,0.60
-0.30,-187.39,0.60
-7.20,-172.40,18.96
-7.20,-172.40,18.96
-14.40,-179.89,37.79
-21.30,-172.40,55.51
-21.30,-172.40,55.51
-27.00,-142.41,69.92
-27.00,-142.41,69.92
-30.60,-89.95,78.90
-30.60,-89.95,78.90
-33.30,-67.46,85.00
-33.30,-67.46,85.00
-34.20,-22.49,85.00
-33.30,22.49,85.00
-33.30,22.49,85.00
-34.20,-22.49,85.00
-34.20,-22.49,85.00
-34.50,-7.50,85.00
-34.50,-7.50,85.00
-33.90,14.99,85.00
-33.90,14.99,85.00
-31.20,67.46,80.39
-31.20,67.46,80.39
-27.90,82.45,72.17
-27.90,82.45,72.17
-24.90,74.95,64.63
-24.90,74.95,64.63
-20.70,104.94,53.98
-20.70,104.94,53.98
-15.90,119.93,41.67
-11.70,104.94,30.77
-11.70,104.94,30.77
-6.90,119.93,18.17
-6.90,119.93,18.17
-2.10,119.93,5.42
-2.10,119.93,5.42
2.10,104.94,-5.86
2.10,104.94,-5.86
6.30,104.94,-17.25
6.30,104.94,-17.25
9.90,89.95,-27.10
9.90,89.95,-27.10
13.50,89.95,-37.04
13.50,89.95,-37.04
15.90,59.96,-43.71
15.90,59.96,-43.71
18.30,59.96,-50.42
18.30,59.96,-50.42
19.50,29.98,-53.79
19.50,29.98,-53.79
19.80,7.50,-54.63
19.80,7.50,-54.63
20.40,14.99,-56.32
20.40,14.99,-56.32
21.00,14.99,-58.01
21.00,14.99,-58.01
20.10,-22.49,-55.47
20.10,-22.49,-55.47
18.90,-29.98,-52.10
17.70,-29.98,-48.74
17.70,-29.98,-48.74
17.70,0.00,-48.74
17.70,0.00,-48.74
17.40,-7.50,-47.90
17.40,-7.50,-47.90
16.50,-22.49,-45.38
16.50,-22.49,-45.38
15.00,-37.48,-41.21
15.00,-37.48,-41.21
13.20,-44.97,-36.21
13.20,-44.97,-36.21
10.80,-59.96,-29.58
10.80,-59.96,-29.58
9.00,-44.97,-24.63
7.50,-37.48,-20.53
7.50,-37.48,-20.53
6.00,-37.48,-16.43
6.00,-37.48,-16.43
4.20,-44.97,-11.54
4.20,-44.97,-11.54
2.70,-37.48,-7.48
2.70,-37.48,-7.48
1.20,-37.48,-3.43
1.20,-37.48,-3.43
0.00,-29.98,-0.21
0.00,-29.98,-0.21
-1.20,-29.98,3.01
-1.20,-29.98,3.01
-2.40,-29.98,6.22
-2.40,-29.98,6.22
-3.00,-14.99,7.82
-3.00,-14.99,7.82
-3.60,-14.99,9.42
-3.60,-14.99,9.42
-3.90,-7.50,10.22
-3.90,-7.50,10.22
-3.90,0.00,10.22
-3.90,0.00,10.22
-3.90,0.00,10.22
-3.90,0.00,10.22
-3.90,0.00,10.22
-3.90,0.00,10.22
-3.90,0.00,10.22
-3.60,7.50,9.42
-3.60,7.50,9.42
-3.30,7.50,8.62
-3.30,7.50,8.62
-3.00,7.50,7.82
-3.00,7.50,7.82
-3.00,7.50,7.82
-2.70,7.50,7.02
-2.70,7.50,7.02
-2.10,14.99,5.42
-2.10,14.99,5.42
-1.50,14.99,3.81
-1.50,14.99,3.81
-0.90,14.99,2.21
-0.90,14.99,2.21
-0.30,14.99,0.60
-0.30,14.99,0.60
0.30,14.99,-1.01
0.30,14.99,-1.01
0.30,14.99,-1.01
1.20,22.49,-3.43
1.20,22.49,-3.43
1.80,14.99,-5.05
1.80,14.99,-5.05
2.40,14.99,-6.67
2.40,14.99,-6.67
2.70,7.50,-7.48
2.70,7.50,-7.48
3.30,14.99,-9.10
3.30,14.99,-9.10
3.60,7.50,-9.91
3.60,7.50,-9.91
3.60,7.50,-9.91
3.90,7.50,-10.73
3.90,7.50,-10.73
3.90,0.00,-10.73
3.90,0.00,-10.73
4.20,7.50,-11.54
4.20,7.50,-11.54
4.20,0.00,-11.54
4.20,0.00,-11.54
4.20,0.00,-11.54
4.20,0.00,-11.54
3.60,-14.99,-9.91
3.60,-14.99,-9.91
3.60,0.00,-9.91
3.60,0.00,-9.91
3.60,0.00,-9.91
3.00,-14.99,-8.29
3.00,-14.99,-8.29
2.40,-14.99,-6.67
2.40,-14.99,-6.67
1.80,-14.99,-5.05
1.80,-14.99,-5.05
1.20,-14.99,-3.43
1.20,-14.99,-3.43
0.60,-14.99,-1.82
0.60,-14.99,-1.82
0.00,-14.99,-0.21
0.00,-14.99,-0.21
-0.90,-22.49,2.21
-0.90,-22.49,2.21
-1.80,-22.49,4.62
-1.80,-22.49,4.62
-2.40,-14.99,6.22
-2.40,-14.99,6.22
-3.00,-14.99,7.82
-3.00,-14.99,7.82
-3.60,-14.99,9.42
-3.60,-14.99,9.42
-4.20,-14.99,11.01
-4.20,-14.99,11.01
-4.20,0.00,11.01
-4.20,0.00,11.01
-4.80,-14.99,12.61
-4.80,-14.99,12.61
-4.80,0.00,12.61
-4.80,0.00,12.61
-4.80,0.00,12.61
-4.80,0.00,12.61
-4.80,0.00,12.61
-4.80,0.00,12.61
-4.50,7.50,11.81
-4.50,7.50,11.81
-4.20,7.50,11.01
-4.20,7.50,11.01
-4.20,7.50,11.01
-4.20,0.00,11.01
-4.20,0.00,11.01
-3.60,14.99,9.42
-3.60,14.99,9.42
-3.00,14.99,7.82
-3.00,14.99,7.82
-2.40,14.99,6.22
-2.40,14.99,6.22
-1.80,14.99,4.62
-1.80,14.99,4.62
-1.20,14.99,3.01
-1.20,14.99,3.01
-0.60,14.99,1.40
-0.60,14.99,1.40
-0.60,14.99,1.40
0.00,14.99,-0.21
0.00,14.99,-0.21
0.60,14.99,-1.82
0.60,14.99,-1.82
1.50,22.49,-4.24
1.50,22.49,-4.24
2.10,14.99,-5.86
2.10,14.99,-5.86
2.40,7.50,-6.67
2.40,7.50,-6.67
3.00,14.99,-8.29
3.00,14.99,-8.29
3.60,14.99,-9.91
3.60,14.99,-9.91
3.60,14.99,-9.91
3.90,7.50,-10.73
3.90,7.50,-10.73
4.20,7.50,-11.54
4.20,7.50,-11.54
4.20,0.00,-11.54
4.20,0.00,-11.54
4.20,0.00,-11.54
4.20,0.00,-11.54
4.20,0.00,-11.54
4.20,0.00,-11.54
3.90,-7.50,-10.73
3.90,-7.50,-10.73
3.90,0.00,-10.73
3.90,0.00,-10.73
3.30,-14.99,-9.10
3.30,-14.99,-9.10
2.70,-14.99,-7.48
2.70,-14.99,-7.48
2.40,-7.50,-6.67
2.40,-7.50,-6.67
2.40,-7.50,-6.67
1.80,-14.99,-5.05
1.80,-14.99,-5.05
1.20,-14.99,-3.43
1.20,-14.99,-3.43
0.30,-22.49,-1.01
0.30,-22.49,-1.01
-0.30,-14.99,0.60
-0.30,-14.99,0.60
-0.90,-14.99,2.21
-0.90,-14.99,2.21
-1.50,-14.99,3.81
-1.50,-14.99,3.81
-2.10,-14.99,5.42
-2.10,-14.99,5.42
-2.70,-14.99,7.02
-2.70,-14.99,7.02
-3.30,-14.99,8.62
-3.30,-14.99,8.62
-3.90,-14.99,10.22
-3.90,-14.99,10.22
-3.90,0.00,10.22
-3.90,0.00,10.22
-4.50,-14.99,11.81
-4.50,-14.99,11.81