0.00
0.00
0.00
0.00
0.00
0.00
0.00
0.00
0.00
0.00
0.00
0.00
0.00
0.00
0.00
0.00
0.00
0.00
0.00
0.00
0.00
0.00
0.00
0.00
-7.50
-7.50
-7.50
0.00
0.00
0.00
0.00
0.00
0.00
0.00
0.00
0.00
0.00
0.00
0.00
0.00
-7.50
-7.50
-7.50
0.00
0.00
0.00
0.00
0.00
0.00
0.00
0.00
0.00
0.00
0.00
0.00
0.00
0.00
0.00
0.00
0.00
0.00
0.00
0.00
0.00
0.00
0.00
0.00
0.00
0.00
0.00
0.00
0.00
0.00
0.00
0.00
0.00
0.00
0.00
0.00
0.00
0.00
0.00
0.00
0.00
0.00
0.00
0.00
0.00
7.50
7.50
7.50
0.00
0.00
0.00
0.00
0.00
0.00
0.00
0.00
0.00
0.00
7.50
7.50
7.50
0.00
0.00
0.00
0.00
0.00
0.00
0.00
0.00
0.00
0.00
0.00
0.00
0.00
0.00
0.00
0.00
14.99
14.99
14.99
29.98
29.98
37.48
37.48
37.48
22.49
22.49
14.99
14.99
14.99
7.50
7.50
7.50
7.50
7.50
14.99
14.99
14.99
14.99
14.99
14.99
0.00
0.00
-7.50
-7.50
-7.50
0.00
0.00
0.00
-7.50
-7.50
-7.50
-7.50
-7.50
-14.99
-14.99
-14.99
0.00
0.00
-14.99
-14.99
-14.99
-14.99
-14.99
-14.99
-7.50
-7.50
-7.50
-7.50
-7.50
-22.49
-22.49
-22.49
-14.99
-14.99
-7.50
-7.50
-7.50
0.00
0.00
-14.99
-14.99
-14.99
-14.99
-14.99
-14.99
-14.99
-14.99
0.00
0.00
0.00
14.99
14.99
14.99
14.99
14.99
0.00
0.00
0.00
14.99
14.99
14.99
0.00
0.00
14.99
14.99
14.99
14.99
14.99
14.99
29.98
29.98
14.99
14.99
14.99
14.99
14.99
14.99
14.99
14.99
29.98
29.98
29.98
14.99
14.99
14.99
14.99
14.99
14.99
14.99
14.99
14.99
14.99
14.99
14.99
14.99
0.00
0.00
0.00
7.50
7.50
7.50
7.50
7.50
0.00
0.00
0.00
0.00
0.00
-14.99
-14.99
-14.99
-14.99
-14.99
-14.99
-14.99
-14.99
-14.99
-14.99
-14.99
-14.99
-14.99
-14.99
-29.98
-29.98
-29.98
-29.98
-29.98
-22.49
-22.49
-22.49
-29.98
-29.98
-37.48
-37.48
-37.48
-29.98
-29.98
-29.98
-22.49
-22.49
-22.49
-22.49
-22.49
-22.49
-22.49
-22.49
-14.99
-14.99
-7.50
-7.50
-7.50
0.00
0.00
7.50
7.50
7.50
7.50
7.50
7.50
14.99
14.99
29.98
29.98
29.98
22.49
22.49
22.49
22.49
22.49
29.98
29.98
29.98
37.48
37.48
37.48
44.97
44.97
37.48
37.48
37.48
44.97
44.97
44.97
29.98
29.98
44.97
44.97
44.97
29.98
29.98
29.98
29.98
29.98
29.98
29.98
29.98
22.49
22.49
22.49
14.99
14.99
14.99
14.99
14.99
7.50
7.50
7.50
0.00
0.00
-14.99
-14.99
-14.99
-14.99
-14.99
-14.99
-29.98
-29.98
-29.98
-29.98
-29.98
-37.48
-37.48
-44.97
-44.97
-44.97
-59.96
-59.96
-59.96
-67.46
-67.46
-67.46
-67.46
-67.46
-59.96
-59.96
-59.96
-67.46
-67.46
-59.96
-59.96
-59.96
-74.95
-74.95
-74.95
-44.97
-44.97
-37.48
-37.48
-37.48
-22.49
-22.49
-22.49
-7.50
-7.50
-7.50
-7.50
-7.50
7.50
7.50
7.50
37.48
37.48
37.48
37.48
37.48
44.97
44.97
59.96
59.96
59.96
74.95
74.95
74.95
74.95
74.95
89.95
89.95
89.95
74.95
74.95
74.95
67.46
67.46
67.46
67.46
67.46
59.96
59.96
59.96
74.95
74.95
74.95
74.95
74.95
44.97
44.97
44.97
44.97
44.97
29.98
29.98
29.98
14.99
14.99
14.99
0.00
0.00
-14.99
-14.99
-14.99
-22.49
-22.49
-22.49
-37.48
-37.48
-44.97
-44.97
-44.97
-59.96
-59.96
-59.96
-59.96
-59.96
-59.96
-59.96
-59.96
-74.95
-74.95
-89.95
-89.95
-89.95
-112.43
-112.43
-112.43
-112.43
-112.43
-97.44
-97.44
-97.44
-97.44
-97.44
-97.44
-89.95
-89.95
-74.95
-74.95
-74.95
-59.96
-59.96
-59.96
-44.97
-44.97
-14.99
-14.99
-14.99
-7.50
-7.50
-7.50
-22.49
-22.49
0.00
0.00
0.00
29.98
29.98
44.97
44.97
44.97
59.96
59.96
59.96
89.95
89.95
119.93
119.93
119.93
119.93
119.93
119.93
112.43
112.43
127.42
127.42
127.42
134.92
134.92
134.92
104.94
104.94
89.95
89.95
89.95
52.47
52.47
52.47
44.97
44.97
44.97
44.97
44.97
37.48
37.48
37.48
14.99
14.99
-14.99
-14.99
-14.99
-14.99
-14.99
-14.99
-29.98
-29.98
-52.47
-52.47
-52.47
-59.96
-59.96
-67.46
-67.46
-67.46
-74.95
-74.95
-74.95
-89.95
-89.95
-119.93
-119.93
-119.93
-119.93
-119.93
-119.93
-127.42
-127.42
-112.43
-112.43
-112.43
-119.93
-119.93
-119.93
-104.94
-104.94
-74.95
-74.95
-74.95
-52.47
-52.47
-52.47
-14.99
-14.99
-7.50
-7.50
-7.50
-29.98
-29.98
-29.98
0.00
0.00
29.98
29.98
29.98
44.97
44.97
59.96
59.96
59.96
74.95
74.95
74.95
112.43
112.43
127.42
127.42
127.42
127.42
127.42
127.42
142.41
142.41
149.91
149.91
149.91
142.41
142.41
142.41
127.42
127.42
104.94
104.94
104.94
82.45
82.45
82.45
52.47
52.47
44.97
44.97
44.97
52.47
52.47
22.49
22.49
22.49
-7.50
-7.50
-7.50
-29.98
-29.98
-44.97
-44.97
-44.97
-67.46
-67.46
-67.46
-104.94
-104.94
-104.94
-104.94
-104.94
-104.94
-104.94
-104.94
-134.92
-134.92
-119.93
-119.93
-119.93
-142.41
-142.41
-142.41
-142.41
-142.41
-149.91
-149.91
-149.91
-82.45
-82.45
-82.45
-52.47
-52.47
-44.97
-44.97
-44.97
-37.48
-37.48
-22.49
-22.49
-22.49
-14.99
-14.99
-14.99
14.99
14.99
44.97
44.97
44.97
52.47
52.47
52.47
52.47
52.47
82.45
82.45
82.45
112.43
112.43
112.43
119.93
119.93
149.91
149.91
149.91
149.91
149.91
149.91
149.91
149.91
134.92
134.92
134.92
119.93
119.93
119.93
89.95
89.95
67.46
67.46
67.46
59.96
59.96
52.47
52.47
52.47
22.49
22.49
22.49
-14.99
-14.99
-22.49
-22.49
-22.49
-52.47
-52.47
-52.47
-74.95
-74.95
-104.94
-104.94
-104.94
-104.94
-104.94
-104.94
-119.93
-119.93
-142.41
-142.41
-142.41
-127.42
-127.42
-127.42
-134.92
-134.92
-134.92
-134.92
-134.92
-134.92
-134.92
-142.41
-142.41
-142.41
-89.95
-89.95
-89.95
-44.97
-44.97
-37.48
-37.48
-37.48
-22.49
-22.49
-22.49
-7.50
-7.50
0.00
0.00
0.00
22.49
22.49
22.49
37.48
37.48
37.48
37.48
37.48
52.47
52.47
52.47
74.95
74.95
97.44
97.44
97.44
127.42
127.42
127.42
142.41
142.41
157.40
157.40
157.40
142.41
142.41
127.42
127.42
127.42
104.94
104.94
104.94
74.95
74.95
44.97
44.97
44.97
59.96
59.96
59.96
44.97
44.97
-7.50
-7.50
-7.50
-14.99
-14.99
-14.99
-29.98
-29.98
-44.97
-44.97
-44.97
-74.95
-74.95
-74.95
-89.95
-89.95
-127.42
-127.42
-127.42
-127.42
-127.42
-127.42
-134.92
-134.92
-112.43
-112.43
-112.43
-112.43
-112.43
-104.94
-104.94
-104.94
-89.95
-89.95
-89.95
-67.46
-67.46
-52.47
-52.47
-52.47
-22.49
-22.49
-22.49
29.98
29.98
14.99
14.99
14.99
29.98
29.98
29.98
44.97
44.97
59.96
59.96
59.96
52.47
52.47
52.47
67.46
67.46
74.95
74.95
74.95
67.46
67.46
67.46
74.95
74.95
74.95
74.95
74.95
74.95
74.95
74.95
67.46
67.46
59.96
59.96
59.96
59.96
59.96
44.97
44.97
44.97
29.98
29.98
29.98
29.98
29.98
14.99
14.99
14.99
0.00
0.00
0.00
-14.99
-14.99
-14.99
-14.99
-14.99
-29.98
-29.98
-29.98
-44.97
-44.97
-37.48
-37.48
-37.48
-52.47
-52.47
-52.47
-44.97
-44.97
-52.47
-52.47
-52.47
-52.47
-52.47
-52.47
-59.96
-59.96
-44.97
-44.97
-44.97
-59.96
-59.96
-59.96
-74.95
-74.95
-59.96
-59.96
-59.96
-44.97
-44.97
-44.97
-44.97
-44.97
-44.97
-44.97
-44.97
-29.98
-29.98
-22.49
-22.49
-22.49
-22.49
-22.49
-22.49
-7.50
-7.50
0.00
0.00
0.00
0.00
0.00
0.00
14.99
14.99
29.98
29.98
29.98
29.98
29.98
29.98
29.98
29.98
44.97
44.97
44.97
44.97
44.97
44.97
44.97
44.97
44.97
44.97
44.97
59.96
59.96
59.96
44.97
44.97
44.97
44.97
44.97
44.97
44.97
37.48
37.48
37.48
37.48
37.48
37.48
29.98
29.98
22.49
22.49
22.49
22.49
22.49
22.49
14.99
14.99
0.00
0.00
0.00
-7.50
-7.50
-7.50
-7.50
-7.50
-22.49
-22.49
-22.49
-29.98
-29.98
-29.98
-29.98
-29.98
-37.48
-37.48
-37.48
-44.97
-44.97
-44.97
-44.97
-44.97
-52.47
-52.47
-52.47
-44.97
-44.97
-44.97
-52.47
-52.47
-52.47
-52.47
-52.47
-44.97
-44.97
-44.97
-44.97
-44.97
-37.48
-37.48
-37.48
-37.48
-37.48
-22.49
-22.49
-22.49
-22.49
-22.49
-22.49
-14.99
-14.99
-7.50
-7.50
-7.50
0.00
0.00
0.00
7.50
7.50
14.99
14.99
14.99
22.49
22.49
22.49
29.98
29.98
29.98
29.98
29.98
44.97
44.97
44.97
44.97
44.97
44.97
44.97
44.97
44.97
44.97
44.97
44.97
44.97
52.47
52.47
52.47
44.97
44.97
44.97
44.97
44.97
37.48
37.48
37.48
44.97
44.97
29.98
29.98
29.98
22.49
22.49
22.49
22.49
22.49
7.50
7.50
7.50
7.50
7.50
7.50
0.00
0.00
-14.99
-14.99
-14.99
